Speed,LapDistPct,Lat,Lon,Brake,Throttle,RPM,SteeringWheelAngle,Gear,Clutch,ABSActive,DRSActive,LatAccel,LongAccel,VertAccel,Yaw,YawRate,PositionType
43.43214,3.8713868e-05,35.35229379571777,-80.68565607957161,0,1,6107.978,0.03630799,3,1,false,false,1.0418407,4.3218412,10.196942,0.038843315,0.035073217,3
43.505116,0.00023900418,35.352287486402176,-80.68565794985108,0,1,6117.084,0.037765525,3,1,false,false,0.87474954,4.3629274,7.5207243,0.039445993,0.037689194,3
43.581978,0.00043963533,35.35228108658804,-80.68565982013052,0,1,6123.4634,0.038787194,3,1,false,false,1.0593712,4.633163,9.150776,0.040133677,0.043114834,3
43.659794,0.00064062455,35.35227468704898,-80.68566180053504,0,1,6127.783,0.039224174,3,1,false,false,1.0314761,4.6201696,11.132736,0.04091363,0.047010716,3
43.737007,0.0008419637,35.35226837773339,-80.68566367081449,0,1,6122.5044,0.039224178,3,1,false,false,1.1667331,4.521758,10.275751,0.041747198,0.048732806,3
43.81097,0.0010436532,35.352261977919255,-80.68566554109394,0,1,6125.1904,0.038932666,3,1,false,false,0.42736173,4.3394413,7.523543,0.042578004,0.04715626,3
43.881462,0.0012456748,35.3522555783802,-80.6856674113734,0,1,6145.6353,0.03776551,3,1,false,false,0.60437214,4.0911913,6.973056,0.043308783,0.04363198,3
43.950714,0.0014480036,35.35224917884114,-80.68566928165285,0,1,6156.4424,0.035870448,3,1,false,false,1.3065088,4.2146664,9.7580385,0.04390488,0.041303366,3
44.02402,0.0016506739,35.35224268907862,-80.6856711519323,0,1,6156.3794,0.03397482,3,1,false,false,1.2772393,4.476186,10.989549,0.044466395,0.043318745,3
44.098194,0.0018536781,35.35223628953956,-80.68567302237963,0,1,6173.106,0.032225788,3,1,false,false,0.9833553,4.2935243,10.579154,0.04513416,0.04557378,3
44.16881,0.0020570157,35.35222979977704,-80.68567489265908,0,1,6221.6836,0.031204663,3,1,false,false,0.953535,4.086808,9.330691,0.045933373,0.04608269,3
44.242798,0.0022606775,35.35222339996292,-80.68567676293853,0,1,6259.284,0.030621652,3,1,false,false,1.0392734,4.64169,10.085665,0.046810225,0.04485545,3
44.323223,0.00246469,35.3522169102004,-80.68567863321799,0,1,6230.252,0.030621652,3,1,false,false,1.1379873,4.834261,9.717746,0.04763433,0.03959723,3
44.40698,0.0026690764,35.35221042043788,-80.68568050349744,0,1,6178.981,0.031058628,3,1,false,false,1.4593889,4.846001,10.798259,0.048324946,0.03481347,3
44.480717,0.0028738305,35.35220393067536,-80.68568237377688,0,1,6174.845,0.0313507,3,1,false,false,1.4081864,4.0621147,10.501687,0.048887562,0.032570485,3
44.54573,0.0030788926,35.35219735096445,-80.68568424405635,0,1,6217.2837,0.03251728,3,1,false,false,0.9000182,3.784942,10.903463,0.049386587,0.033285175,3
44.611244,0.0032842462,35.35219086120193,-80.6856861143358,0,1,6256.293,0.03397482,3,1,false,false,0.49278706,4.025704,10.626919,0.04989162,0.033398293,3
44.682743,0.0034899246,35.352184371439414,-80.68568798461524,0,1,6265.295,0.03543291,3,1,false,false,0.9554998,4.3660126,9.88653,0.05042953,0.0356666,3
44.757446,0.003695928,35.35217779145343,-80.68568985506258,0,1,6263.459,0.03601649,3,1,false,false,0.84865665,4.422591,8.878311,0.051038433,0.038379923,3
44.830727,0.0039022816,35.35217121174252,-80.68569172534202,0,1,6275.6426,0.03587044,3,1,false,false,0.83291274,4.235894,8.993658,0.051691744,0.039525688,3
44.9017,0.0041089514,35.352164631756544,-80.68569348549642,0,1,6294.5747,0.035287425,3,1,false,false,0.8677139,4.205571,9.219888,0.052355308,0.03956631,3
44.97387,0.0043159546,35.352158051770566,-80.68569535594374,0,1,6305.612,0.033974808,3,1,false,false,0.88392055,4.334318,9.855293,0.05301394,0.040000673,3
45.047974,0.0045232917,35.35215147205965,-80.6856972262232,0,1,6310.043,0.032371257,3,1,false,false,0.60272986,4.403782,10.177319,0.053703137,0.04067167,3
45.121613,0.0047309706,35.352144892073674,-80.68569909650265,0,1,6316.841,0.030767128,3,1,false,false,0.75262815,4.3105173,9.78851,0.054404963,0.039998267,3
45.19417,0.004938974,35.352138312087696,-80.68570085682491,0,1,6326.36,0.028434515,3,1,false,false,0.9249262,4.300197,10.658061,0.055098485,0.040158607,3
45.26689,0.005147312,35.352131642153324,-80.68570272710436,0,1,6335.1196,0.025809836,3,1,false,false,0.7627076,4.291401,11.126173,0.055789035,0.03870562,3
45.33841,0.005355983,35.35212497221896,-80.68570459738382,0,1,6338.8545,0.023185153,3,1,false,false,0.49713558,4.190178,10.201512,0.05642071,0.03443027,3
45.409313,0.0055649704,35.35211839223298,-80.68570646766327,0,1,6343.104,0.020122927,3,1,false,false,0.7327796,4.220623,9.598588,0.0569566,0.030470857,3
45.48139,0.005774291,35.35211172229861,-80.68570822798553,0,1,6356.314,0.017789753,3,1,false,false,0.7530327,4.2805896,11.336686,0.057427805,0.02709109,3
45.552185,0.0059839357,35.35210505208917,-80.68571009826498,0,1,6370.5454,0.015457145,3,1,false,false,0.28698266,4.158241,11.176024,0.057857372,0.024095295,3
45.62201,0.006193896,35.3520983821548,-80.68571196854444,0,1,6380.5254,0.014290554,3,1,false,false,0.19727153,4.1002083,9.384171,0.058266148,0.022543956,3
45.691998,0.00640418,35.35209162199697,-80.6857137288667,0,1,6397.8047,0.013123402,3,1,false,false,0.24514621,4.2036834,9.822308,0.058674365,0.022913594,3
45.763145,0.0066147894,35.352084952062604,-80.68571559914615,0,1,6410.3423,0.012394921,3,1,false,false,0.45834124,4.1950164,10.929543,0.059110414,0.025871312,3
45.834362,0.006825725,35.35207828212823,-80.68571735946841,0,1,6403.9316,0.011374368,3,1,false,false,-0.17335331,4.2699633,9.758904,0.059546474,0.024544574,3
45.90528,0.0070369933,35.35207152197041,-80.68571922974786,0,1,6405.6104,0.010353251,3,1,false,false,-0.0063744783,4.148382,8.765079,0.059930213,0.022963855,3
45.97327,0.007248577,35.35206476181258,-80.68572110002732,0,1,6426.0347,0.00977024,3,1,false,false,0.09534991,4.0100045,9.24717,0.06026529,0.020634385,3
46.04138,0.0074604684,35.35205800165475,-80.68572286034959,0,1,6446.415,0.009186664,3,1,false,false,0.46379495,4.0995207,10.570674,0.06054951,0.019309185,3
46.11098,0.0076726824,35.352051241496916,-80.68572473062903,0,1,6455.5986,0.0090406295,3,1,false,false,0.05011934,4.137595,9.843275,0.060837205,0.017585663,3
46.180706,0.007885212,35.352044481339085,-80.6857266009085,0,1,6466.199,0.0096242055,3,1,false,false,0.12548655,4.115207,8.853443,0.061124526,0.017009694,3
46.250084,0.0080980575,35.35203772118126,-80.68572836123076,0,1,6484.39,0.010353252,3,1,false,false,-0.07479453,4.1139345,9.477821,0.061435875,0.017687624,3
46.319656,0.008311226,35.35203096102343,-80.6857302315102,0,1,6492.3115,0.011227769,3,1,false,false,0.57904255,4.110626,9.005569,0.061753254,0.018323405,3
46.390102,0.008524711,35.35202411064214,-80.68573210178965,0,1,6484.433,0.011957381,3,1,false,false,0.752527,4.232963,9.395049,0.062045828,0.017768055,3
46.461014,0.008738514,35.35201735048431,-80.68573386211192,0,1,6487.508,0.013561509,3,1,false,false,-0.20291543,4.167834,10.1147995,0.062289223,0.0147008365,3
46.529346,0.008952649,35.35201050010302,-80.68573573239138,0,1,6504.7954,0.014727531,3,1,false,false,-0.36655605,3.888035,10.004724,0.06248595,0.012015455,3
46.59596,0.009167092,35.35200364972173,-80.68573749254577,0,1,6526.085,0.015602614,3,1,false,false,1.0983348,4.070125,10.713122,0.06269423,0.0154269375,3
46.6643,0.009381844,35.35199679961551,-80.68573936299309,0,1,6543.829,0.015894122,3,1,false,false,0.06803149,3.954223,9.644073,0.06303427,0.02102058,3
46.732613,0.009596912,35.35198994923422,-80.68574123327254,0,1,6545.711,0.014873567,3,1,false,false,-0.7352332,4.1501493,8.763672,0.063439526,0.023016792,3
46.802753,0.009812305,35.35198309885293,-80.68574299342693,0,1,6539.562,0.012977933,3,1,false,false,-0.28483057,4.146462,9.105964,0.06379423,0.02036517,3
46.872272,0.01002803,35.351976248746716,-80.68574486387426,0,1,6545.213,0.0100617455,3,1,false,false,0.42653275,3.9673645,9.672327,0.06410296,0.022079071,3
46.93761,0.010244105,35.35196930814196,-80.68574673415371,0,1,6554.2153,0.005687465,3,1,false,false,-0.36947313,3.8909805,9.080008,0.064402156,0.019826423,3
47.00325,0.010460482,35.35196245803574,-80.6857484943081,0,1,6583.3965,0.0018956335,3,1,false,false,-0.44790044,3.8309774,9.033539,0.064636625,0.013243386,3
47.06794,0.010677162,35.351955517430994,-80.68575036475542,0,1,6606.3213,-0.0026246808,3,1,false,false,-0.37869462,3.8916993,8.594579,0.06479827,0.010166023,3
47.137417,0.010894161,35.35194866732478,-80.68575223503488,0,1,6608.0713,-0.006708582,3,1,false,false,-0.50316143,4.235203,9.523479,0.0649274,0.0077345273,3
47.208904,0.011111486,35.35194172672002,-80.68575399518927,0,1,6608.025,-0.011374933,3,1,false,false,-0.36928043,4.1365776,10.062616,0.06504403,0.0052901437,3
47.27739,0.01132914,35.351934786390345,-80.6857558656366,0,1,6610.886,-0.015312236,3,1,false,false,-0.6661203,4.0019417,8.763502,0.06511952,0.0021262516,3
47.345352,0.011547112,35.35192784606067,-80.68575773591604,0,1,6624.465,-0.018228982,3,1,false,false,-1.4180859,4.034431,10.015493,0.06512688,-0.0033516227,3
47.413784,0.011765399,35.35192090545591,-80.68575949607043,0,1,6634.2744,-0.020707637,3,1,false,false,-1.2574112,4.000105,11.934025,0.06503351,-0.010302858,3
47.48132,0.011984014,35.35191387490278,-80.68576136651777,0,1,6635.0986,-0.023041366,3,1,false,false,-0.88534033,3.961499,10.443035,0.064872675,-0.013502727,3
47.548424,0.012202938,35.351906934573094,-80.68576323679721,0,1,6639.8154,-0.024207953,3,1,false,false,-1.3060381,3.9370372,10.555311,0.06466845,-0.016742893,3
47.61538,0.01242218,35.35189990401996,-80.68576510707666,0,1,6651.9194,-0.024207957,3,1,false,false,-1.6315603,3.8397787,11.221685,0.06439033,-0.02188032,3
47.67852,0.01264173,35.35189296341521,-80.68576697735612,0,1,6652.7124,-0.023624375,3,1,false,false,-1.1057549,3.8313923,11.311151,0.06402274,-0.021518936,3
47.744144,0.012861582,35.35188593286207,-80.68576884763557,0,1,6656.806,-0.022895895,3,1,false,false,-1.3801551,3.866632,9.735732,0.06367477,-0.02057873,3
47.80798,0.013081742,35.351878902308925,-80.68577071791502,0,1,6676.222,-0.022020817,3,1,false,false,-1.5842965,3.7050278,10.595323,0.06332315,-0.020730184,3
47.87037,0.013302195,35.35187187175579,-80.68577258819448,0,1,6693.8564,-0.023041375,3,1,false,false,-1.8083761,3.7021935,9.096736,0.06297497,-0.02056192,3
47.933853,0.013522958,35.35186484120265,-80.68577445847393,0,1,6705.796,-0.02522907,3,1,false,false,-1.7239661,3.7782056,10.1191025,0.06264305,-0.01862778,3
47.998516,0.013744019,35.351857810649506,-80.68577632892125,0,1,6711.093,-0.03004146,3,1,false,false,-2.0072374,3.8843403,9.97827,0.062329713,-0.020149302,3
48.063198,0.013965389,35.35185078009637,-80.68577819920071,0,1,6720.4795,-0.03689607,3,1,false,false,-2.3036113,3.7589262,9.470473,0.061988946,-0.02246407,3
48.12687,0.014187057,35.35184374954323,-80.68578006948016,0,1,6726.4834,-0.046229895,3,1,false,false,-2.294528,3.8131707,9.330842,0.061584342,-0.02802173,3
48.19095,0.014409039,35.35183671899009,-80.68578193975961,0,1,6735.2217,-0.055856932,3,1,false,false,-2.4934318,3.751907,10.064892,0.061047878,-0.038200554,3
48.180798,0.014631217,35.35182959821349,-80.68578391999625,0,1,6748.4194,-0.06869164,0,1,false,false,-2.4988086,-4.9803905,9.245976,0.06033275,-0.04481425,3
48.142117,0.014853169,35.35182256766035,-80.68578579044357,0,1,6256.468,-0.08006886,4,1,false,false,-3.4859529,1.8705336,9.895382,0.05946404,-0.054998882,3
48.279697,0.015075394,35.35181544715882,-80.68578777068022,0,1,5523.5186,-0.08969644,4,1,false,false,-2.9642148,9.291924,9.598115,0.058309052,-0.0817281,3
48.38891,0.015298253,35.35180841660568,-80.68578964095967,0,1,5487.1475,-0.1001991,4,1,false,false,-4.025284,4.842783,8.336629,0.056848813,-0.09052033,3
48.421795,0.015521447,35.351801295829084,-80.68579162136419,0,1,5563.9023,-0.10690935,4,1,false,false,-5.4012966,0.8601353,9.974496,0.055264104,-0.09698326,3
48.46042,0.01574479,35.35179417505248,-80.68579360160084,0,1,5644.619,-0.1130366,4,1,false,false,-5.837205,3.0150192,9.553284,0.05357611,-0.106457464,3
48.513233,0.015968364,35.35178705427588,-80.68579558200534,0,1,5650.066,-0.11697563,4,1,false,false,-5.130971,3.3565478,8.168092,0.0517274,-0.11603298,3
48.57914,0.016192228,35.35178002372274,-80.68579756224199,0,1,5607.014,-0.11872634,4,1,false,false,-6.195035,4.0335007,10.139816,0.04971903,-0.12789947,3
48.636803,0.016416397,35.35177290322121,-80.6857995426465,0,1,5605.329,-0.11916332,4,1,false,false,-6.429056,3.0435333,9.524926,0.04759046,-0.12845835,3
48.684536,0.016640812,35.35176578244461,-80.68580163284034,0,1,5632.1255,-0.11770523,4,1,false,false,-5.8681297,2.7886357,7.287995,0.04552348,-0.11640191,3
48.734802,0.016865475,35.35175866166801,-80.68580361324484,0,1,5646.8667,-0.11697563,4,1,false,false,-5.909574,3.2464235,9.510003,0.04361157,-0.10765483,3
48.79154,0.017090391,35.351751541166486,-80.68580570360655,0,1,5639.3955,-0.11697562,4,1,false,false,-6.9823675,3.4022572,10.948571,0.04168773,-0.116882734,3
48.84761,0.017315583,35.35174433016642,-80.68580779380038,0,1,5642.5747,-0.11755918,4,1,false,false,-7.3038354,3.257139,10.045983,0.039567057,-0.13499983,3
48.90033,0.017541036,35.351737209389825,-80.68580988416208,0,1,5675.712,-0.11814222,4,1,false,false,-6.8072085,3.1019769,8.189771,0.037214305,-0.15100782,3
48.954174,0.017766744,35.351730088888296,-80.68581197452379,0,1,5691.111,-0.11712109,4,1,false,false,-6.410905,3.2640872,9.442823,0.034742504,-0.149804,3
49.01162,0.01799272,35.351722968111694,-80.68581417484268,0,1,5663.4277,-0.1144953,4,1,false,false,-6.902124,3.4842181,9.645879,0.03239725,-0.13543534,3
49.06681,0.01821895,35.3517157573867,-80.68581626520438,0,1,5653.641,-0.110994376,4,1,false,false,-7.452611,3.2197905,9.662609,0.030228505,-0.12370593,3
49.117638,0.018445441,35.351708636610105,-80.68581846552328,0,1,5679.0938,-0.107638955,4,1,false,false,-7.650137,2.9530106,10.1363945,0.028187623,-0.11851637,3
49.169056,0.018672159,35.351701515833504,-80.68582066601004,0,1,5697.7944,-0.10515918,4,1,false,false,-7.5853124,3.1904776,11.010948,0.0261796,-0.12233137,3
49.225147,0.018899135,35.351694305108516,-80.68582297628613,0,1,5697.4863,-0.10253341,4,1,false,false,-7.379239,3.4411678,11.223741,0.024088848,-0.13346308,3
49.280685,0.019126367,35.351687184331915,-80.68582517660502,0,1,5700.2603,-0.0999076,4,1,false,false,-7.4838037,3.2210674,10.477645,0.021885375,-0.1391676,3
49.333206,0.019353844,35.35167997360692,-80.68582748704897,0,1,5707.016,-0.09611463,4,1,false,false,-6.874745,3.0563219,9.779845,0.019693218,-0.13133112,3
49.384827,0.019581554,35.351672852830326,-80.68582979732506,0,1,5707.2847,-0.092030734,4,1,false,false,-7.0520473,3.1722028,10.37831,0.017710684,-0.11170803,3
49.43607,0.019809501,35.35166564210533,-80.68583210776902,0,1,5702.351,-0.08823776,4,1,false,false,-6.586149,3.0615516,9.585827,0.015974788,-0.094197296,3
49.48711,0.020037677,35.35165843110527,-80.68583441821296,0,1,5709.2065,-0.08604948,4,1,false,false,-6.0858245,3.0418048,9.287887,0.014466923,-0.082304195,3
49.53744,0.020266075,35.35165131032867,-80.68583683861411,0,1,5728.6865,-0.08561194,4,1,false,false,-5.9019265,3.1044762,9.707338,0.013033634,-0.08518403,3
49.59146,0.02049471,35.35164409960368,-80.6858391488902,0,1,5744.5547,-0.08604951,4,1,false,false,-6.429762,3.2726738,11.326274,0.011492783,-0.09946395,3
49.646275,0.020723587,35.351636888878694,-80.68584156929134,0,1,5747.1216,-0.08765417,4,1,false,false,-5.6482244,3.2134066,9.964731,0.009768283,-0.11267928,3
49.69998,0.020952703,35.351629677878634,-80.68584398969249,0,1,5752.5557,-0.08823775,4,1,false,false,-5.469754,3.2084956,9.007199,0.007963173,-0.11323988,3
49.753403,0.021182062,35.351622467153646,-80.68584641009362,0,1,5755.0576,-0.087216645,4,1,false,false,-6.281929,3.1603112,10.64539,0.006179484,-0.10857854,3
49.80443,0.021411646,35.351615256153586,-80.68584883049476,0,1,5745.7183,-0.08532046,4,1,false,false,-6.468241,3.0218291,10.648974,0.004471606,-0.09897795,3
49.855694,0.021641549,35.35160804542859,-80.68585125089591,0,1,5748.5767,-0.082549185,4,1,false,false,-5.5828056,3.0983198,10.232015,0.0029042226,-0.08944814,3
49.904766,0.021871902,35.3516008347036,-80.68585378125424,0,1,5770.578,-0.079193726,4,1,false,false,-5.6187396,2.858339,9.600299,0.0014258206,-0.08627106,3
49.953747,0.022102458,35.35159362370354,-80.68585620165538,0,1,5777.8384,-0.07394324,4,1,false,false,-5.2934713,3.085611,9.020904,5.599418e-06,-0.079867534,3
50.00676,0.022333229,35.351586412978556,-80.68585873201373,0,1,5776.2354,-0.06664997,4,1,false,false,-5.2601175,3.237796,10.140483,-0.0013575178,-0.080000505,3
50.05924,0.02256428,35.351579201978495,-80.68586126237206,0,1,5788.5894,-0.057606533,4,1,false,false,-4.8274136,3.0859084,10.157798,-0.002733102,-0.08184116,3
50.1104,0.02279557,35.3515719912535,-80.68586379289826,0,1,5803.8354,-0.048709683,4,1,false,false,-4.4742184,3.0946655,8.859983,-0.004060709,-0.07926283,3
50.16208,0.023027068,35.351564690305054,-80.68586632325659,0,1,5811.658,-0.037625134,4,1,false,false,-3.138916,3.1622808,8.256518,-0.005285853,-0.06965009,3
50.21634,0.023258787,35.351557479580066,-80.68586896373999,0,1,5806.993,-0.025812652,4,1,false,false,-4.015734,3.2784386,10.549181,-0.006325558,-0.05765315,3
50.271126,0.023490747,35.351550268580006,-80.68587149409832,0,1,5800.64,-0.012395481,4,1,false,false,-3.688058,3.3102784,11.517178,-0.007185939,-0.04679505,3
50.323994,0.023722924,35.35154296763155,-80.68587402445665,0,1,5812.583,0.0020416684,4,1,false,false,-3.3377929,3.0385811,10.755486,-0.007832605,-0.035568718,3
50.374027,0.023955304,35.351535756906564,-80.68587666494005,0,1,5829.4194,0.017644282,4,1,false,false,-1.9201853,2.996865,10.683919,-0.008212453,-0.01645382,3
50.424057,0.024187896,35.35152845595811,-80.68587930525557,0,1,5825.797,0.030475613,4,1,false,false,-1.874141,3.0930028,9.552876,-0.00825308,0.0048359754,3
50.476128,0.024420712,35.35152115473459,-80.68588183578179,0,1,5813.546,0.04768067,4,1,false,false,-1.0597143,3.117195,10.961483,-0.0080053685,0.026585793,3
50.525146,0.024653735,35.351513944009604,-80.6858844760973,0,1,5817.667,0.060510587,4,1,false,false,-0.42436627,2.8821392,10.436259,-0.0074365577,0.045687076,3
50.57292,0.02488695,35.35150664306115,-80.6858871165807,0,1,5842.457,0.0726112,4,1,false,false,1.5437803,2.9106624,10.403752,-0.00658277,0.06256128,3
50.620975,0.025120398,35.3514993421127,-80.68588964693903,0,1,5862.7397,0.08471152,4,1,false,false,1.2178683,2.9630127,8.597021,-0.0054175877,0.07631285,3
50.672626,0.025354048,35.351492041164256,-80.68589228742242,0,1,5859.705,0.094624944,4,1,false,false,2.4294715,3.1803093,8.950856,-0.004066365,0.08784711,3
50.72457,0.025587918,35.3514847402158,-80.68589481778076,0,1,5857.196,0.10468306,4,1,false,false,3.524737,3.0048368,8.71279,-0.002496568,0.101132624,3
50.773167,0.025822029,35.35147734904389,-80.68589745826415,0,1,5866.383,0.11678194,4,1,false,false,3.9354048,2.8881643,8.492663,-0.00078043976,0.10976065,3
50.82248,0.026056366,35.35147004809544,-80.68589998862248,0,1,5882.3706,0.12727672,4,1,false,false,4.3774285,3.027429,9.399683,0.0011415432,0.12451347,3
50.871887,0.026290923,35.35146274714699,-80.68590262910588,0,1,5891.2285,0.1373342,4,1,false,false,5.3357863,2.9351203,9.087294,0.003335726,0.14000222,3
50.923912,0.026525699,35.351455355975084,-80.68590515946421,0,1,5886.4956,0.14724517,4,1,false,false,6.0074997,3.1700928,9.677827,0.0058079446,0.15846574,3
50.974808,0.026760746,35.35144796480317,-80.68590768982254,0,1,5893.374,0.15701063,4,1,false,false,6.6824303,2.955718,10.178997,0.008572085,0.17219765,3
51.02382,0.02699601,35.35144057390633,-80.68591011022369,0,1,5900.049,0.16488038,4,1,false,false,7.615314,2.9637194,10.279012,0.011531827,0.18390293,3
51.073814,0.027231505,35.351433182734425,-80.68591264074989,0,1,5905.902,0.17056419,4,1,false,false,8.561744,2.9763489,11.047926,0.014747691,0.19970155,3
51.12261,0.027467247,35.35142579156251,-80.68591506098316,0,1,5911.0386,0.17697676,4,1,false,false,7.8966947,2.9136422,10.083974,0.018156722,0.20457079,3
51.17071,0.027703231,35.3514184003906,-80.68591759150938,0,1,5915.3604,0.18236855,4,1,false,false,9.07762,2.8673608,9.82591,0.021598663,0.20715638,3
51.217896,0.027939431,35.3514109192703,-80.68591990178545,0,1,5919.687,0.18921834,4,1,false,false,9.974361,2.8568285,10.648147,0.025049236,0.2088397,3
51.26587,0.02817585,35.35140352809839,-80.6859223221866,0,1,5920.447,0.19927305,4,1,false,false,10.064536,2.8568563,10.496481,0.028567217,0.21796313,3
51.312344,0.028412534,35.35139604697809,-80.68592463263056,0,1,5932.7925,0.2102025,4,1,false,false,9.295408,2.7932837,8.4565735,0.032246634,0.2243098,3
51.35855,0.028649434,35.35138856558272,-80.6859270530317,0,1,5948.6445,0.2230251,4,1,false,false,10.732317,2.8305705,9.354424,0.036015276,0.23373419,3
51.406063,0.028886551,35.35138108446242,-80.6859292533506,0,1,5951.1177,0.2377417,4,1,false,false,11.29471,2.896142,10.365178,0.0400197,0.2495107,3
51.45375,0.029123915,35.351373603067046,-80.68593156362667,0,1,5951.1523,0.2508549,4,1,false,false,12.085836,2.8562927,9.520619,0.044319056,0.2696707,3
51.50035,0.029361522,35.35136603172329,-80.68593376411344,0,1,5966.429,0.2609073,4,1,false,false,12.332477,2.7850618,9.759224,0.049031593,0.2939448,3
51.54625,0.02959934,35.35135855060299,-80.68593596443233,0,1,5977.419,0.26950312,4,1,false,false,13.357279,2.8109088,10.768105,0.05407455,0.30934346,3
51.59393,0.029837389,35.35135097925923,-80.68593805479404,0,1,5974.1724,0.2702316,4,1,false,false,15.145172,2.9371579,12.468184,0.05941876,0.32983145,3
51.64092,0.03007571,35.351343407915465,-80.68594025511293,0,1,5976.8716,0.2642585,4,1,false,false,15.964842,2.7572417,12.873576,0.06516248,0.35137266,3
51.684284,0.030314244,35.351335836296634,-80.68594223534957,0,1,5987.065,0.25216588,4,1,false,false,14.012948,2.6334233,10.009664,0.07105863,0.34067264,3
51.72801,0.030552983,35.351328264952876,-80.68594421575409,0,1,5991.375,0.23307899,4,1,false,false,14.9032545,2.76824,10.66421,0.076489255,0.307294,3
51.772835,0.030791951,35.35132060338565,-80.68594619599072,0,1,5982.2764,0.20801623,4,1,false,false,15.618791,2.7941036,12.739399,0.08130926,0.274999,3
51.817787,0.031031152,35.351313032041894,-80.68594817639524,0,1,5981.2583,0.1847006,4,1,false,false,14.177503,2.8027983,10.794997,0.08565476,0.25694603,3
51.86275,0.03127057,35.35130537074974,-80.68595004667469,0,1,6009.0884,0.15613611,4,1,false,false,12.551371,2.6823463,9.931851,0.08994347,0.25859,3
51.907246,0.031510193,35.351297709182525,-80.68595180699695,0,1,6028.691,0.12917148,4,1,false,false,11.092374,2.8077538,8.936867,0.094183,0.24323687,3
51.95762,0.03175007,35.3512900476153,-80.68595367727642,0,1,6013.7593,0.11226304,4,1,false,false,11.077541,3.1887786,10.169792,0.0980266,0.21718183,3
52.00837,0.03199019,35.351282386048084,-80.68595543759868,0,1,6003.788,0.10293373,4,1,false,false,10.688702,2.9435253,10.845673,0.10146957,0.19222745,3
52.05558,0.03223053,35.35127472448086,-80.68595719775307,0,1,6014.771,0.10103865,4,1,false,false,10.08546,2.8366904,9.919737,0.104469314,0.16793986,3
52.10283,0.032471094,35.351267063188715,-80.68595884811813,0,1,6029.106,0.10512057,4,1,false,false,9.31373,2.8396387,11.022808,0.10716003,0.15258576,3
52.150475,0.032711904,35.35125931139803,-80.68596049831534,0,1,6025.5356,0.11459566,4,1,false,false,9.47479,2.9388225,11.437025,0.10960252,0.1401965,3
52.200256,0.032952927,35.35125155988242,-80.68596214868042,0,1,6019.9995,0.124070145,4,1,false,false,9.268754,2.9540913,11.83201,0.111948125,0.14186525,3
52.24648,0.03319418,35.3512438983152,-80.68596379887761,0,1,6032.337,0.1338359,4,1,false,false,8.848851,2.7251441,11.088778,0.11440439,0.14989616,3
52.292923,0.033435643,35.35123614652452,-80.68596544907481,0,1,6044.3706,0.14360136,4,1,false,false,9.115078,2.8233397,11.905095,0.117023826,0.16249299,3
52.33938,0.033677325,35.35122839500891,-80.68596698931484,0,1,6047.0483,0.1494312,4,1,false,false,8.654807,2.752606,11.28744,0.11990288,0.17614946,3
52.38581,0.03391921,35.35122064321823,-80.68596852955484,0,0.98290646,6043.9585,0.15249228,4,1,false,false,8.789474,2.8022234,10.817014,0.122911215,0.18062185,3
52.431675,0.03416117,35.35121280147916,-80.68596995983766,0.028511358,0.88082254,6034.063,0.1517635,4,1,false,false,8.900452,2.6473794,11.365669,0.12597956,0.18461268,3
52.46345,0.034403216,35.351205049963546,-80.68597150007767,0.08800052,0.7488209,6007.0347,0.1476827,4,1,false,false,8.640061,1.4669319,10.4434185,0.12904869,0.18071206,3
52.466866,0.034645353,35.35119720822448,-80.6859729303605,0.1682388,0.60581404,5980.333,0.14258105,4,1,false,false,9.324061,-0.7434834,11.210711,0.13203919,0.18002866,3
52.428524,0.034887422,35.351189456433794,-80.68597436064333,0.25890872,0.46718454,5959.8516,0.13777123,4,1,false,false,8.3977585,-3.4642162,10.335091,0.1350479,0.17818294,3
52.33695,0.03512922,35.35118170491818,-80.68597579075828,0.35266107,0.33267054,5924.602,0.13369013,4,1,false,false,8.202615,-6.683078,9.999982,0.13790253,0.16722277,3
52.196476,0.03537049,35.35117386290404,-80.6859771110839,0.4295393,0.20213322,5915.3154,0.1297548,4,1,false,false,7.882896,-9.700152,10.306863,0.14063281,0.16371468,3
52.010143,0.03561101,35.35116611138843,-80.68597843124167,0.48501128,0.10709335,5895.1797,0.12640221,4,1,false,false,7.5896387,-11.950826,11.132068,0.1433377,0.16845469,3
51.801113,0.03585067,35.35115844982121,-80.68597975139943,0.5253202,0.039027095,5839.0796,0.12232083,4,1,false,false,7.441198,-13.012519,11.00194,0.14621644,0.18131986,3
51.572533,0.036089335,35.3511506983056,-80.6859809616,0.5521601,0.0014797142,5748.879,0.11867674,4,1,false,false,7.467867,-13.948989,9.957811,0.14934835,0.19583812,3
51.33699,0.036326934,35.35114303673838,-80.68598228175776,0.56905013,-1.7462298e-10,5655.4272,0.11561593,4,1,false,false,7.3072186,-14.62353,10.6485195,0.15266533,0.2022903,3
51.093052,0.036563452,35.35113546539462,-80.68598349195834,0.5753054,0,5565.7656,0.11240849,4,1,false,false,7.3955784,-14.517025,9.197912,0.15602678,0.20210697,3
50.834404,0.036798906,35.351127803827396,-80.68598459220172,0.5753885,0,5637.0557,0.11124246,4,1,false,false,7.4181976,-16.836018,10.156134,0.15936926,0.20272857,3
50.542656,0.037033077,35.35112023248364,-80.68598580240229,0.5740213,0,5785.346,0.112700574,4,1,false,false,7.4697027,-17.205841,10.067766,0.16276094,0.20925595,3
50.279263,0.037265945,35.351112751088266,-80.68598690264567,0.5687008,0,5700.5938,0.11692742,4,1,false,false,8.455327,-14.591402,9.237097,0.16634914,0.22302969,3
50.039074,0.037497755,35.35110526996797,-80.68598800272119,0.5580913,0,5609.2026,0.12348684,4,1,false,false,8.976489,-14.708913,9.998632,0.17020123,0.2381339,3
49.791225,0.03772848,35.35109778884767,-80.6859889928395,0.5400255,0,5521.572,0.13339888,4,1,false,false,10.1095915,-14.805895,10.9400015,0.17432715,0.2528838,3
49.54716,0.03795806,35.351090397675755,-80.68599009308288,0.52694786,0,5506.9023,0.14272682,4,1,false,false,10.535985,-14.8517,9.551031,0.17865813,0.26240125,3
49.286774,0.038186494,35.35108300650385,-80.68599097324402,0.5151374,0,5582.4,0.15322104,4,1,false,false,10.906755,-15.8101015,10.300581,0.18309028,0.26944807,3
49.043842,0.038413852,35.351075705555395,-80.68599196336234,0.5103289,0,5543.9644,0.16138263,4,1,false,false,12.129207,-13.709934,11.058356,0.18762894,0.27563432,3
48.81818,0.038640127,35.35106840460695,-80.68599284352347,0.50773907,0,5468.272,0.16925241,4,1,false,false,12.814171,-13.462096,10.793616,0.19235153,0.29019025,3
48.588757,0.038865365,35.351061103658495,-80.6859937236846,0.5026261,0,5442.842,0.17537351,4,1,false,false,12.734181,-14.090275,10.189727,0.19729915,0.30109274,3
48.350906,0.03908968,35.35105380271005,-80.68599449372067,0.4956395,0,5440.97,0.17945403,4,1,false,false,13.291558,-13.9404745,11.516672,0.202419,0.31365258,3
48.116936,0.039313115,35.35104659170999,-80.68599526392461,0.48614326,0,5408.643,0.18003704,4,1,false,false,13.881052,-13.889197,11.541737,0.20783222,0.3315787,3
47.89725,0.039535496,35.351039380985,-80.68599592400349,0.47622296,0,5353.4937,0.17814249,4,1,false,false,13.452989,-12.730901,10.585703,0.21345986,0.3390414,3
47.688446,0.039756898,35.3510322602084,-80.68599658408237,0.46337336,0,5322.656,0.17173025,4,1,false,false,12.763044,-12.308242,9.223746,0.2191221,0.33267486,3
47.47745,0.03997733,35.3510251394318,-80.68599724416126,0.45126137,0,5307.0635,0.1634229,4,1,false,false,13.305563,-12.932353,8.930574,0.224446,0.30724278,3
47.255543,0.040196758,35.35101801893027,-80.68599779428294,0.438886,0,5316.5083,0.15132594,4,1,false,false,13.148279,-13.197755,10.288948,0.22937676,0.2936578,3
47.036327,0.040415168,35.351010988377126,-80.68599834440464,0.4276703,0,5309.878,0.13791697,4,1,false,false,12.899927,-12.571402,10.742797,0.2342343,0.29636574,3
46.838703,0.04063261,35.35100395782399,-80.68599878440126,0.41626662,0,5252.4717,0.12567313,4,1,false,false,12.143412,-11.205146,9.23675,0.23925558,0.3085464,3
46.65024,0.04084878,35.35099692727085,-80.68599933452296,0.4033805,0,5179.4985,0.11634469,4,1,false,false,12.433777,-11.4630375,10.085559,0.24456862,0.32508847,3
46.44789,0.041063994,35.35098989671771,-80.6859996645624,0.38752973,0,5161.8394,0.11095125,4,1,false,false,13.703384,-12.451224,11.609795,0.2501418,0.33321634,3
46.23936,0.041278254,35.35098295611296,-80.68599999460184,0.36431608,0,5214.4033,0.1093477,4,1,false,false,13.561624,-12.232075,11.323815,0.25565186,0.3175365,3
46.040653,0.041491568,35.35097601578328,-80.68600032464128,0.33741635,0,5234.5938,0.11051373,4,1,false,false,14.588724,-11.196447,12.952637,0.26087084,0.30536932,3
45.87557,0.041703787,35.35096916540199,-80.6860006548486,0.30243772,0,5193.305,0.113429055,4,1,false,false,14.337956,-9.224488,11.281636,0.26580146,0.27544627,3
45.72076,0.041915275,35.35096222507231,-80.68600087476297,0.27022088,0,5166.165,0.115907155,4,1,false,false,14.647454,-9.119211,10.898163,0.2701386,0.24154428,3
45.56876,0.042126056,35.35095537469102,-80.68600098488804,0.24167866,0,5179.1235,0.11794795,4,1,false,false,13.549827,-8.924061,10.776899,0.27394265,0.21217793,3
45.42434,0.04233615,35.35094861453319,-80.68600109484522,0.2186366,0,5186.01,0.11984277,4,1,false,false,12.9400425,-7.808511,11.1037,0.2772091,0.18308887,3
45.304127,0.04254555,35.3509417641519,-80.68600120480241,0.19986202,0,5164.3774,0.12217538,4,1,false,false,11.277706,-6.8619113,9.365372,0.28011444,0.16996422,3
45.193813,0.042754408,35.350935003994074,-80.68600131492748,0.18470852,0.75,5490.807,0.12742248,0,1,false,false,11.239938,-6.3651586,9.93537,0.282956,0.1741634,3
45.09457,0.0429628,35.35092815388785,-80.68600131492748,0.17355663,0,5787.7026,0.1357307,0,1,false,false,9.865109,-5.490328,9.985797,0.28596452,0.18546838,3
45.005787,0.043170784,35.350921393730026,-80.68600131492748,0.16105953,0,5726.406,0.15059744,3,1,false,false,9.077118,-5.725556,8.804862,0.28911012,0.18676274,3
44.849384,0.043378256,35.350914633572195,-80.68600120480241,0.14847001,0,6114.276,0.17041872,3,1,false,false,8.453589,-11.627323,8.740865,0.29221734,0.19156598,3
44.662464,0.043584876,35.35090796336275,-80.68600120480241,0.13753437,0.003144384,6356.5537,0.19504732,3,1,false,false,9.781922,-9.834438,9.976168,0.29556426,0.21523762,3
44.552307,0.043790784,35.35090120320493,-80.68600109484522,0.12902422,0.004161656,6265.2856,0.21836215,3,1,false,false,11.211002,-3.4512453,12.534667,0.29934028,0.2473922,3
44.499447,0.043996397,35.350894533270555,-80.68600087476297,0.11958262,0.0053639114,6149.1934,0.25522527,3,1,false,false,11.776989,-4.6948633,11.265128,0.30393213,0.2951394,3
44.41873,0.0442018,35.35088786333619,-80.68600076480578,0.112282716,0.0065661976,6038.092,0.2881508,3,1,false,false,12.75534,-4.6251206,10.008818,0.30912018,0.31782737,3
44.343826,0.044406828,35.35088119340182,-80.68600054472353,0.10672099,0.008616179,6003.2773,0.31145847,3,1,false,false,13.672016,-5.2091703,10.05298,0.3146616,0.3388499,3
44.229443,0.04461142,35.35087452319238,-80.68600021468409,0.09896189,0.011359783,6103.5317,0.33330745,3,1,false,false,13.740125,-7.2867827,10.565079,0.32031944,0.33529076,3
44.120617,0.0448155,35.35086794348147,-80.68599988464464,0.09010293,0.015860556,6167.211,0.35005742,3,1,false,false,14.607108,-5.7974153,11.253064,0.3258706,0.33967364,3
44.03689,0.045019332,35.35086127327203,-80.6859995546052,0.08052699,0.022334248,6125.7656,0.3644759,3,1,false,false,15.755576,-4.2334995,10.759832,0.33175105,0.37104085,3
43.97572,0.045222826,35.350854693561125,-80.68599911460858,0.068974674,0.027482357,6056.1143,0.38035035,3,1,false,false,15.510874,-3.7304378,10.418429,0.33823547,0.40569854,3
43.907566,0.04542601,35.35084811357514,-80.68599867444408,0.055451564,0.03411019,6022.5728,0.40088373,3,1,false,false,16.196484,-4.2491183,10.126663,0.34526148,0.43423364,3
43.831856,0.045628883,35.35084153358916,-80.68599823444745,0.04569276,0.040028997,6046.445,0.41923115,3,1,false,false,15.33015,-4.5527325,10.123671,0.35263607,0.44133317,3
43.760094,0.04583167,35.350834953878255,-80.68599768432576,0.035044566,0.042680107,6072.867,0.44252828,3,1,false,false,16.372364,-4.030961,9.237279,0.3598411,0.42736048,3
43.697266,0.04603413,35.350828464115736,-80.68599702424687,0.02659716,0.044021107,6060.8906,0.4653867,3,1,false,false,16.36241,-3.4048016,9.324188,0.36689073,0.42366982,3
43.642258,0.04623632,35.35082188412976,-80.68599636416799,0.018998582,0.042587638,6027.0845,0.48853374,3,1,false,false,18.18089,-3.15103,10.201883,0.3739238,0.4317881,3
43.58603,0.046438262,35.35081539436724,-80.68599570392124,0.013216864,0.040460557,6008.9575,0.5112427,3,1,false,false,17.294703,-3.249956,10.061124,0.38137144,0.46701616,3
43.528267,0.046640232,35.35080881438126,-80.68599493388517,0.009572248,0.038595527,6018.8003,0.53074807,3,1,false,false,17.668282,-3.4204814,9.86879,0.38938215,0.49578604,3
43.470093,0.046841945,35.350802324893806,-80.68599416368123,0.006446349,0.03429514,6030.2466,0.55505484,3,1,false,false,17.773703,-3.338508,8.433519,0.3979033,0.52422595,3
43.415268,0.047043383,35.350795835131294,-80.6859932835201,0.0048980974,0.031027472,6021.4106,0.57601184,3,1,false,false,19.969357,-3.0952141,10.197116,0.4068478,0.54776156,3
43.36237,0.04724459,35.350789345368774,-80.68599229340178,0.004273515,0.025941014,5998.278,0.59187454,3,1,false,false,19.933128,-2.9906006,10.031795,0.41600183,0.54931194,3
43.307644,0.047445804,35.35078294555464,-80.68599130328346,0.0038251178,0.022103041,5982.2285,0.60046047,3,1,false,false,20.371666,-3.228632,10.201523,0.42520386,0.5536814,3
43.249283,0.04764682,35.35077645579212,-80.68599031316514,0.003879852,0.021039512,5982.0923,0.60293376,3,1,false,false,19.284075,-3.2708085,9.296599,0.43431413,0.5415459,3
43.188904,0.04784755,35.35077005625306,-80.68598921292175,0.0022201326,0.019883484,5982.7456,0.6017696,3,1,false,false,20.43118,-3.3339026,10.219182,0.4432408,0.53274655,3
43.13001,0.04804802,35.35076365671401,-80.68598800272119,0.0011874808,0.02082372,5977.569,0.6003148,3,1,false,false,21.616653,-3.104243,9.88878,0.45210207,0.54007214,3
43.0733,0.04824844,35.35075725717495,-80.68598679252061,0,0.020715803,5970.5493,0.59885937,3,1,false,false,20.06049,-2.9967513,9.033606,0.4611669,0.5471933,3
43.02012,0.048448704,35.350750857360815,-80.68598547236284,0,0.020607922,5957.649,0.5991504,3,1,false,false,20.25609,-2.9592984,9.752772,0.47026655,0.55341315,3
42.962944,0.04864872,35.35074445782176,-80.6859841522051,0,0.020207163,5950.0957,0.6014792,3,1,false,false,20.089243,-3.1316009,9.478931,0.47953814,0.5596501,3
42.90406,0.048848473,35.35073814823109,-80.68598272192226,0,0.020160943,5953.9478,0.60351604,3,1,false,false,22.180166,-3.116087,11.035558,0.48893672,0.56862795,3
42.845257,0.049048107,35.35073183891549,-80.68598118168225,0,0.021332353,5951.6445,0.60642654,3,1,false,false,20.835001,-3.0831957,9.47362,0.49849382,0.57571715,3
42.789898,0.049247615,35.35072552932482,-80.68597964144224,0,0.020438373,5937.157,0.61093754,3,1,false,false,20.98583,-2.9052386,9.713933,0.50807214,0.5690286,3
42.73465,0.04944685,35.350719220009225,-80.68597810120222,0,0.021070335,5919.613,0.6190863,3,1,false,false,20.585983,-2.8642921,9.668768,0.5173674,0.5461546,3
42.678062,0.049645845,35.35071300064202,-80.68597645083716,0,0.02096245,5906.013,0.62854415,3,1,false,false,21.076408,-3.0350847,9.696892,0.5262441,0.5204086,3
42.619812,0.049844716,35.35070669105134,-80.68597469068277,0,0.021070328,5898.093,0.63902056,3,1,false,false,20.426853,-3.0603244,8.9923315,0.5346377,0.49451908,3
42.56163,0.050043505,35.350700471684135,-80.6859729303605,0,0.020268831,5894.8765,0.6499323,3,1,false,false,18.886583,-3.0657728,7.858617,0.54262686,0.470949,3
42.505646,0.050242018,35.35069425231693,-80.68597106008104,0,0.02091619,5893.2744,0.66229916,3,1,false,false,19.665087,-2.957299,8.609598,0.5503123,0.46716696,3
42.451614,0.050440293,35.35068812317318,-80.6859691898016,0,0.021918088,5886.967,0.67626595,3,1,false,false,20.401522,-2.786773,9.4077,0.5581829,0.4848433,3
42.396946,0.0506384,35.35068190380597,-80.68596720939708,0,0.02310491,5874.7754,0.69008595,3,1,false,false,20.509901,-2.9539728,9.845812,0.56643033,0.50949764,3
42.342808,0.050836537,35.35067577466222,-80.68596522916044,0,0.02401432,5870.205,0.6982321,3,1,false,false,18.797867,-2.9289763,8.288379,0.5751007,0.5262802,3
42.286114,0.0510344,35.35066964551847,-80.68596313879874,0,0.023551911,5865.7603,0.7041967,3,1,false,false,19.314808,-2.9997792,8.571408,0.5838268,0.52183056,3
42.23077,0.051231995,35.35066351609966,-80.68596093847984,0,0.024939116,5856.816,0.7068146,3,1,false,false,19.689053,-2.9027581,9.237755,0.59238434,0.507045,3
42.175507,0.051429372,35.35065747717937,-80.68595884811813,0,0.026465062,5843.587,0.7041968,3,1,false,false,20.324627,-2.9293952,9.560874,0.60070664,0.49671495,3
42.11973,0.051625714,35.35065143798401,-80.68595653767419,0,0.027775228,5834.6694,0.70128745,3,1,false,false,21.569532,-2.9140382,9.905302,0.60887164,0.49378145,3
42.064255,0.051821698,35.35064539906372,-80.6859542273981,0,0.030303031,5833.2983,0.7009962,3,1,false,false,20.39903,-2.9507642,9.606216,0.6171655,0.5006987,3
42.007957,0.052017424,35.35063935986836,-80.68595191695415,0,0.032738388,5830.102,0.7033239,3,1,false,false,20.666645,-2.9469144,9.761637,0.62556595,0.5119133,3
41.952805,0.052212913,35.35063332094808,-80.68594949655301,0,0.035512842,5823.94,0.7088518,3,1,false,false,20.100832,-2.9127808,8.973434,0.6341475,0.5160841,3
41.898426,0.052407745,35.350627371976174,-80.68594696619466,0,0.037855677,5816.921,0.7129245,3,1,false,false,21.261967,-2.8171654,9.580898,0.6427514,0.51597023,3
41.845154,0.0526021,35.35062142300428,-80.68594443583633,0,0.041986488,5806.7256,0.71626973,3,1,false,false,20.508663,-2.8188727,9.33861,0.6513081,0.51310223,3
41.792645,0.052796196,35.35061556425584,-80.68594190531013,0,0.048151933,5798.21,0.71641564,3,1,false,false,20.377926,-2.7395902,9.5558815,0.6598087,0.50511724,3
41.73991,0.05299006,35.35060970523233,-80.6859392649946,0,0.05994329,5794.1406,0.71816134,3,1,false,false,20.326681,-2.7476346,9.251447,0.6681333,0.49791735,3
41.689022,0.05318354,35.35060384648389,-80.68593651455403,0,0.07840873,5799.2656,0.72150666,3,1,false,false,21.711182,-2.6645844,10.6121025,0.6764322,0.50372005,3
41.6394,0.053376533,35.350597987735455,-80.68593376411344,0,0.09793766,5804.483,0.7260156,3,1,false,false,20.749172,-2.5035012,9.738458,0.6848577,0.50670564,3
41.59544,0.053569283,35.35059212898702,-80.68593101367286,0,0.1214125,5795.1733,0.7319792,3,1,false,false,20.071537,-2.180512,8.793088,0.6932745,0.5022565,3
41.555107,0.053761832,35.350586360186966,-80.68592815310721,0,0.15316442,5795.253,0.7376519,3,1,false,false,19.530514,-2.0268912,8.3153,0.7014749,0.48197073,3
41.517178,0.053954218,35.350580591661995,-80.68592518275224,0,0.18405318,5822.491,0.74056095,3,1,false,false,19.930628,-1.9069285,9.690236,0.70938164,0.4687923,3
41.4796,0.054146238,35.3505749130854,-80.68592221222941,0,0.22785845,5881.079,0.74201566,3,1,false,false,21.072586,-1.9568887,10.399265,0.71705955,0.4627124,3
41.441902,0.054338045,35.35056914428535,-80.68591913174939,0,0.27174082,5972.548,0.7430337,3,1,false,false,21.007828,-1.9194226,10.23093,0.7248181,0.47280467,3
41.404037,0.05452967,35.35056346598384,-80.68591605126936,0,0.33015823,6100.5176,0.74550617,3,1,false,false,20.092623,-1.9144382,9.429825,0.7328976,0.49496546,3
41.3893,0.054721177,35.35055787735564,-80.68591286066427,0,0.38052967,5967.4946,0.74899685,3,1,false,false,19.533895,0.95011413,9.261136,0.7413331,0.51680964,3
41.424152,0.054912735,35.35055219905412,-80.68590967022706,0,0.43008414,5752.505,0.7535057,3,1,false,false,19.257622,2.392735,9.3588705,0.7502029,0.53766185,3
41.437164,0.05510437,35.35054661042592,-80.68590647962198,0,0.46442556,5801.087,0.75597817,3,1,false,false,18.833559,0.26323766,8.483625,0.75904167,0.5130484,3
41.433426,0.055295996,35.3505410220728,-80.68590306910251,0,0.4983662,5900.45,0.75757754,3,1,false,false,18.62764,-0.10966119,8.40656,0.7671677,0.46076447,3
41.441063,0.05548762,35.35053543371967,-80.68589976854024,0,0.51966757,5880.1816,0.76005024,3,1,false,false,18.500221,1.5682416,8.7231245,0.77444386,0.42625603,3
41.460716,0.055679407,35.350529845366545,-80.68589635802077,0,0.53805614,5819.5186,0.7673223,3,1,false,false,18.975115,1.2227852,9.266412,0.7815059,0.43145084,3
41.470173,0.0558713,35.350524346961805,-80.68589283754412,0,0.54955447,5872.304,0.7779387,3,1,false,false,18.939045,0.38407907,8.718281,0.7886292,0.43139827,3
41.475307,0.056063157,35.35051875860868,-80.68588931689959,0,0.5616849,5972.071,0.79437137,3,1,false,false,18.418331,0.72384334,8.954125,0.79585034,0.4396162,3
41.49457,0.056255057,35.35051326047901,-80.68588568629788,0,0.57171935,5962.0923,0.8097858,3,1,false,false,18.67086,1.7363033,9.602774,0.80329674,0.46030492,3
41.522774,0.056447145,35.35050785229773,-80.68588205569615,0,0.5811062,5918.0127,0.81821984,3,1,false,false,20.102993,2.0176566,10.787052,0.8113093,0.50263566,3
41.550148,0.056639567,35.350502354168064,-80.68587842526232,0,0.59146404,5938.1567,0.82141846,3,1,false,false,19.436995,1.8141181,9.852219,0.8199478,0.5263896,3
41.576176,0.05683206,35.350496945986784,-80.68587468453553,0,0.5995868,5962.378,0.81981885,3,1,false,false,18.230766,1.7409554,8.6024065,0.8287052,0.5173306,3
41.60593,0.057024628,35.35049153780551,-80.68587083401944,0,0.61139363,5909.427,0.81560206,3,1,false,false,18.708391,2.0553856,9.177477,0.8372454,0.5045745,3
41.63396,0.057217315,35.35048612962423,-80.68586698333547,0,0.620765,5898.4746,0.8129847,3,1,false,false,19.583439,1.8187195,10.236771,0.8454431,0.47490838,3
41.658367,0.05741047,35.350480721442956,-80.68586313281938,0,0.6309071,5941.045,0.8129848,3,1,false,false,19.900724,1.736345,10.150347,0.85304403,0.44259077,3
41.68485,0.05760372,35.350475403485135,-80.68585906205317,0,0.6393848,5936.977,0.81647456,3,1,false,false,21.481766,2.0062408,10.729036,0.86040634,0.45809993,3
41.715656,0.057797052,35.35047008552732,-80.685855101412,0,0.6503592,5924.3804,0.82389057,3,1,false,false,18.60227,1.7680641,9.32802,0.86818284,0.47588816,3
41.74226,0.057990484,35.3504647675695,-80.68585103081367,0,0.6582202,5933.0396,0.83130574,3,1,false,false,18.075623,1.5122877,8.297538,0.8761671,0.4769846,3
41.767006,0.05818429,35.35045953983514,-80.68584685009026,0,0.66504824,5989.0776,0.83857596,3,1,false,false,18.127865,1.8143392,8.507581,0.88393015,0.45234472,3
41.797024,0.05837836,35.350454221602256,-80.68584266953472,0,0.67127526,6011.473,0.8407567,3,1,false,false,19.810501,2.558869,10.75886,0.8913676,0.4458907,3
41.836063,0.058572493,35.3504489938679,-80.68583848881131,0,0.676855,5947.443,0.8403206,3,1,false,false,17.28561,2.3865952,8.630613,0.8987913,0.4482142,3
41.858093,0.05876673,35.350443766133544,-80.68583419813072,0,0.6844693,5958.0044,0.84090257,3,1,false,false,27.135942,0.83638597,12.25769,0.90668976,0.52753717,3
41.86396,0.05896118,35.350438628347575,-80.68582979732506,0,0.6921916,6043.4985,0.84366524,3,1,false,false,36.6244,-0.45525473,19.678873,0.91627634,0.6464893,3
41.862946,0.059156004,35.350433490561606,-80.68582539668726,0,0.70133173,6161.7314,0.846573,3,1,false,false,20.121988,0.15203238,15.109659,0.9279508,0.68680626,3
41.862247,0.05935073,35.35042835277564,-80.68582088592443,0,0.70956254,6250.746,0.84671843,3,1,false,false,23.741392,0.46260908,11.412189,0.9387894,0.59300345,3
41.875008,0.059545405,35.350423305213134,-80.68581637532945,0,0.72055244,6274.039,0.8417748,3,1,false,false,23.718233,1.3444579,10.655974,0.9475494,0.46316105,3
41.886726,0.059740137,35.350418257650624,-80.68581175444154,0,0.730232,6330.878,0.83435947,3,1,false,false,26.036924,0.7433497,13.12254,0.95478356,0.4160087,3
41.89,0.059935424,35.35041330031158,-80.6858071337215,0,0.73975754,6455.7056,0.82519925,3,1,false,false,22.688293,0.34660858,10.523092,0.9616183,0.4051055,3
41.900547,0.060130592,35.35040834269746,-80.68580240304428,0,0.7516724,6572.7217,0.8167655,3,1,false,false,15.623875,0.8629993,4.9820004,0.96821964,0.38545075,3
41.92116,0.0603257,35.35040338535842,-80.68579767219917,0,0.76297057,6639.5293,0.8147298,3,1,false,false,11.81791,1.4482902,3.6872952,0.9745866,0.38290945,3
41.94609,0.060520798,35.350398427744295,-80.68579283156477,0,0.772974,6696.475,0.8176378,3,1,false,false,12.803745,1.1682243,5.5393486,0.9807498,0.3463645,3
41.964645,0.060715735,35.35039356062871,-80.68578799076248,0,0.7848886,6767.935,0.8240359,3,1,false,false,13.177235,1.057592,5.108305,0.98598313,0.2843744,3
41.982162,0.060910467,35.35038869323806,-80.68578314996019,0,0.7962175,6870.682,0.8331961,3,1,false,false,10.803869,0.88466793,3.300769,0.99039036,0.25762016,3
41.9981,0.061105024,35.3503838258474,-80.6857783091579,0,0.8098739,6960.168,0.8512258,3,1,false,false,10.454659,0.79228747,3.515849,0.99495053,0.2989859,3
42.010353,0.061299447,35.35037895873182,-80.68577335839842,0,0.8182435,6961.6562,0.8737598,3,1,false,false,13.738619,0.44969034,6.797373,1.0006216,0.38712254,3
41.995174,0.061493512,35.35037409134116,-80.68576840763895,0,0.82679796,6939.7715,0.90341616,3,1,false,false,33.888695,-0.5526267,17.096899,1.0085522,0.6045589,3
42.05059,0.061687306,35.35036931417396,-80.6857633467544,0,0.833133,6955.276,0.9284176,3,1,false,false,37.53775,5.920172,31.179108,1.0210549,0.8549729,3
42.18281,0.061881498,35.350364626955155,-80.68575828603774,0,0.8353989,6686.2954,0.93888277,3,1,false,false,36.65005,10.3283205,29.926714,1.0362775,0.932756,3
42.36743,0.06207642,35.350359940011415,-80.68575300507095,0,0.83544487,5945.735,0.9390286,3,1,false,false,38.015884,11.3215885,28.685375,1.0517998,0.9045972,3
42.49943,0.062272046,35.35035525306768,-80.68574772427203,0,0.83472043,5561.865,0.9274002,3,1,false,false,44.411358,4.8800497,28.688845,1.0654733,0.6958157,3
42.48456,0.062467586,35.350350746295796,-80.68574222339086,0,0.8340268,5791.315,0.9118475,3,1,false,false,31.705652,-1.0692269,17.722832,1.0741905,0.35265157,3
42.460083,0.06266292,35.35034614930045,-80.68573672250969,0,0.8326397,6145.908,0.8941126,3,1,false,false,20.528385,-0.5176179,7.75806,1.0780149,0.12941957,3
42.47824,0.06285814,35.35034173275202,-80.68573122162853,0,0.8308673,6181.039,0.8779764,3,1,false,false,16.41822,1.5539677,2.2947319,1.0794932,0.06445166,3
42.488422,0.063053355,35.350337225980134,-80.68572561079017,0,0.8245783,6161.621,0.8670726,3,1,false,false,8.065426,-0.12283204,-1.0095196,1.0805161,0.075810745,3
42.473927,0.063247986,35.35033280915664,-80.68571999978394,0,0.80245984,6531.4565,0.8653276,3,1,false,false,6.2936535,-1.2972486,0.3698427,1.0823798,0.15501599,3
42.456642,0.063442275,35.35032839260821,-80.68571438894558,0,0.7656987,6872.1665,0.87564987,3,1,false,false,7.683289,-1.3424433,1.6875167,1.0858687,0.26453438,3
42.444366,0.06363626,35.350323976059784,-80.68570877810723,0,0.7069576,6869.7896,0.89440316,3,1,false,false,9.729086,-0.16508952,3.3162956,1.0912333,0.3889396,3
42.505043,0.06383013,35.35031964945975,-80.685703167101,0,0.65112984,6759.5396,0.9076315,3,1,false,false,11.428117,3.9690075,7.8648577,1.0992283,0.5786105,3
42.55429,0.064023845,35.35031523291133,-80.68569744613757,0,0.58802676,6783.3984,0.9164989,3,1,false,false,17.846249,1.0536612,9.505577,1.1101801,0.7337918,3
42.556576,0.06421734,35.350310906311286,-80.68569172534202,0,0.540846,6636.4404,0.9169347,3,1,false,false,22.341328,0.6343287,12.633898,1.1234456,0.86059374,3
42.60203,0.06441075,35.350306579986324,-80.68568600437861,0,0.49690196,6627.2817,0.9098121,3,1,false,false,26.349869,6.9073095,18.645973,1.1382885,0.8926358,3
42.72552,0.06460453,35.35030234360975,-80.685680173458,0,0.46874136,6427.562,0.9007996,3,1,false,false,39.620182,7.961979,28.3048,1.1521616,0.7694378,3
42.820927,0.06479872,35.35029810723317,-80.68567423241232,0,0.4479331,5738.5522,0.88902485,3,1,false,false,42.860943,6.262901,32.41557,1.1637616,0.63783044,3
42.878094,0.06499312,35.35029396080498,-80.68566818157734,0,0.43547884,5500.319,0.88044775,3,1,false,false,43.472294,0.98827773,32.602673,1.1735053,0.5413092,3
42.80714,0.065187454,35.35028990487533,-80.68566202061729,0,0.42388785,5748.799,0.8728876,3,1,false,false,38.417656,-3.7921154,23.480812,1.1821655,0.5297554,3
42.76251,0.065381475,35.35028593889406,-80.68565585948937,0,0.41194242,5984.7744,0.86823595,3,1,false,false,25.655102,-2.8499715,14.316158,1.191034,0.5286635,3
42.723095,0.065575235,35.35028206313626,-80.68564969852932,0,0.39958066,6197.984,0.864601,3,1,false,false,11.34966,-1.9459347,2.9449904,1.1987201,0.37811333,3
42.700916,0.06576861,35.35027809715499,-80.68564353756926,0,0.38473743,6251.815,0.8609662,3,1,false,false,6.0976553,-0.1721725,-0.41558695,1.2037128,0.23007861,3
42.731125,0.06596182,35.35027422112212,-80.68563726665204,0,0.37182105,5963.425,0.8583492,3,1,false,false,2.2907841,2.3778718,-1.3774413,1.207097,0.1881766,3
42.73398,0.066154964,35.350270345364315,-80.68563099556692,0,0.36638,5944.007,0.8705619,3,1,false,false,0.49885148,-1.0179279,-4.018969,1.2102665,0.19111866,3
42.717262,0.06634787,35.35026646960651,-80.68562472448181,0,0.36570174,6127.7207,0.9083584,3,1,false,false,0.6492931,-1.0389856,-3.8746257,1.2135193,0.19865978,3
42.70556,0.06654048,35.350262593848704,-80.68561856352176,0,0.36678076,6303.8667,0.95719594,3,1,false,false,0.7493406,0.43050966,-3.2154188,1.2168702,0.1998304,3
42.72437,0.06673287,35.3502587180909,-80.68561229260452,0,0.37046462,6417.316,1.0066062,3,1,false,false,16.44766,0.1337299,3.6138978,1.2199855,0.21197097,3
42.763622,0.066925175,35.35025493200641,-80.6856060215194,0,0.38039088,6054.9487,1.0605122,3,1,false,false,23.943022,4.62416,17.948694,1.2249904,0.40405363,3
42.821533,0.06711769,35.3502510562486,-80.68559964047711,0,0.4034341,5742.6914,1.0966856,3,1,false,false,24.95289,1.4926357,23.221695,1.2334481,0.6012592,3
42.780964,0.06731031,35.35024736093772,-80.68559336955987,0,0.43541718,5858.433,1.1017698,3,1,false,false,28.396923,-4.285953,20.556082,1.2443285,0.68866444,3
42.732292,0.067502685,35.3502436650767,-80.68558687856039,0,0.48850155,6123.9087,1.0853548,3,1,false,false,29.043175,-1.7264074,18.072088,1.2560457,0.71105623,3
42.695724,0.06769483,35.35023996976581,-80.68558049751809,0,0.5337865,6289.6055,1.0586236,3,1,false,false,29.05983,-1.2347097,17.45238,1.2674481,0.64715195,3
42.72297,0.06788689,35.3502364543517,-80.68557389639354,0,0.5780543,6065.2026,1.0231718,3,1,false,false,23.711437,3.8866394,12.798356,1.2774631,0.56483877,3
42.763424,0.06807919,35.35023293948774,-80.68556740539404,0,0.60601425,5905.6157,0.9965798,3,1,false,false,19.671686,1.6335572,8.873125,1.2867215,0.5565025,3
42.75758,0.06827181,35.35022942407364,-80.68556080426949,0,0.63049114,6093.571,0.96809566,3,1,false,false,21.65207,-2.0268366,10.659139,1.2964973,0.6260197,3
42.72363,0.0684642,35.35022599888299,-80.68555420331282,0,0.64026326,6360.8906,0.95021945,3,1,false,false,18.664541,-0.95280474,8.606533,1.3078141,0.742543,3
42.717545,0.068656415,35.35022257369235,-80.68554760218827,0,0.63773555,6420.0605,0.938592,3,1,false,false,17.467686,0.5133782,7.7608643,1.3211931,0.87343043,3
42.762604,0.068848595,35.35021923872516,-80.68554089110651,0,0.6197632,6316.6294,0.9372842,3,1,false,false,19.72115,7.00164,10.415364,1.3365136,0.93862605,3
42.84295,0.069041654,35.35021590375798,-80.68553418002477,0,0.59542525,6114.4,0.9391735,3,1,false,false,29.108047,3.4153063,17.18747,1.3508366,0.75758654,3
42.874,0.06923492,35.350212568790795,-80.68552735898585,0,0.56543064,5863.3296,0.9397551,3,1,false,false,26.100248,3.7177224,15.54682,1.3616071,0.55283344,3
42.889893,0.069428295,35.350209413720385,-80.68552053794691,0,0.53511226,5904.5063,0.9342321,3,1,false,false,29.423395,0.5975744,16.932528,1.3695457,0.40399635,3
42.857563,0.06962159,35.35020625920012,-80.68551371674012,0,0.50957173,6017.652,0.92841744,3,1,false,false,25.626497,-0.80001354,14.087817,1.375316,0.29186633,3
42.840252,0.0698153,35.35020310412972,-80.685506785744,0,0.4861586,6068.8677,0.92449325,3,1,false,false,22.723845,-0.044751644,11.772175,1.3798122,0.2538473,3
42.830925,0.07000924,35.35020013005638,-80.6854999645372,0,0.4711304,6072.1543,0.9250747,3,1,false,false,18.875404,0.036477234,8.589757,1.3844147,0.30775878,3
42.82041,0.07020307,35.35019706520943,-80.68549292341602,0,0.45728916,6123.382,0.9285631,3,1,false,false,15.320455,-0.3975217,6.5010104,1.3902887,0.39344698,3
42.80775,0.070396796,35.350194090585944,-80.6854859924199,0,0.44887334,6208.44,0.93190634,3,1,false,false,8.943576,-0.4059155,1.7908006,1.3972694,0.4360088,3
42.800625,0.07059073,35.35019120673606,-80.6854790612559,0,0.44418764,6261.3335,0.93539464,3,1,false,false,9.409787,0.3406439,2.432937,1.4047152,0.45832616,3
42.84097,0.070785254,35.35018823211258,-80.68547202013472,0,0.4440642,6224.719,0.9372841,3,1,false,false,20.27606,3.496823,10.016329,1.4123117,0.45265433,3
42.87534,0.07097994,35.350185347712554,-80.68546497901355,0,0.44485033,5953.5347,0.9452779,3,1,false,false,16.406927,2.5312772,11.843497,1.419537,0.4104774,3
42.893326,0.071174696,35.350182553535994,-80.68545793789237,0,0.4460371,5890.676,0.957196,3,1,false,false,16.872904,1.5335959,9.004285,1.4262266,0.39672416,3
42.880394,0.07136947,35.35017966913597,-80.68545089677119,0,0.44887334,6039.42,0.9641722,3,1,false,false,26.930044,-1.9196362,16.13092,1.4324965,0.35648164,3
42.850334,0.071564086,35.35017696518286,-80.68544374552494,0,0.45594805,6065.3394,0.9635909,3,1,false,false,26.777567,-0.01975301,18.575024,1.4384041,0.36035126,3
42.8469,0.07175863,35.35017426122976,-80.68543659444657,0,0.47168532,6006.1455,0.95530695,3,1,false,false,24.182884,0.32837325,16.153349,1.4448602,0.42297503,3
42.833813,0.07195315,35.350171646949974,-80.68542944336819,0,0.5096489,6027.699,0.9383016,3,1,false,false,25.094715,-0.70410335,14.060223,1.452581,0.5058057,3
42.81414,0.07214757,35.35016903322033,-80.68542229212196,0,0.55000144,6163.846,0.91882443,3,1,false,false,23.379686,-0.12201215,12.906979,1.4614338,0.5492137,3
42.822716,0.07234182,35.350166509164005,-80.68541503091852,0,0.602315,6218.771,0.8923681,3,1,false,false,22.353884,1.8013915,11.887623,1.4704378,0.5325001,3
42.863976,0.07253613,35.35016407588129,-80.68540776988297,0,0.64451736,6095.0107,0.87027097,3,1,false,false,20.445372,3.6391366,10.72899,1.4791545,0.5190035,3
42.916332,0.07273065,35.35016164204842,-80.68540050867954,0,0.69384074,5995.4194,0.84410095,3,1,false,false,19.522469,3.389063,10.338024,1.4875858,0.49229693,3
42.9506,0.07292538,35.35015929843902,-80.6853932474761,0,0.7346711,6031.2456,0.8202554,3,1,false,false,19.27598,2.1214657,10.361153,1.4954667,0.45565638,3
42.97483,0.073120154,35.350156954829615,-80.68538587631548,0,0.76059675,6100.5024,0.8051326,3,1,false,false,18.798521,2.1486814,11.061424,1.502778,0.4259494,3
43.008053,0.07331497,35.35015461177036,-80.68537850515486,0,0.78575164,6115.757,0.7946626,3,1,false,false,19.39647,2.91803,11.609819,1.509764,0.4159951,3
43.051632,0.073509954,35.35015235838441,-80.68537113399424,0,0.80170476,6099.3765,0.79146314,3,1,false,false,18.86635,3.297047,10.832043,1.5167108,0.41758704,3
43.09702,0.073705144,35.350150194671784,-80.68536365270856,0,0.81588507,6104.635,0.79175377,3,1,false,false,18.592295,3.259731,10.466617,1.5236577,0.41636437,3
43.140553,0.073900506,35.3501480315093,-80.68535628154794,0,0.8251642,6123.4424,0.7918996,3,1,false,false,17.180847,3.1337876,9.450778,1.5305767,0.4121826,3
43.183903,0.07409598,35.35014586834682,-80.68534880043012,0,0.83613867,6132.78,0.78899115,3,1,false,false,16.78492,3.0704954,9.539201,1.5373862,0.40474838,3
43.225876,0.074291654,35.350143795407796,-80.68534131914444,0,0.846959,6147.9707,0.7812832,3,1,false,false,16.153172,3.0071702,8.69557,1.544071,0.39774683,3
43.26584,0.07448751,35.35014172191863,-80.68533383802664,0,0.8563459,6192.5947,0.7740122,3,1,false,false,17.938448,2.9528866,10.1831255,1.5508094,0.41567668,3
43.30827,0.074683554,35.350139648979614,-80.68532624678376,0,0.8657328,6230.1533,0.7661583,3,1,false,false,14.942491,3.2516248,7.5599933,1.5579154,0.43255225,3
43.359013,0.07487975,35.35013766626405,-80.68531865554088,0,0.87336224,6231.365,0.7609231,3,1,false,false,13.814151,3.6742177,6.935779,1.5651277,0.43119085,3
43.40568,0.07507617,35.35013568299834,-80.68531106429802,0,0.8791888,6232.707,0.7559782,3,1,false,false,15.22015,3.3173177,8.310443,1.5723814,0.44101614,3
43.45381,0.075272806,35.35013379050624,-80.68530347305514,0,0.88259506,6265.574,0.75059664,3,1,false,false,17.4313,3.4452589,10.75602,1.5798126,0.44887543,3
43.497883,0.07546967,35.350131897464,-80.68529588181227,0,0.8846603,6278.6167,0.74172425,3,1,false,false,19.152233,3.1690798,11.857809,1.5875717,0.4891519,3
43.538982,0.075666696,35.350130094645216,-80.6852881806122,0,0.8866181,6294.4854,0.7232521,3,1,false,false,18.717255,3.1660774,11.438342,1.5961038,0.53481257,3
43.58555,0.07586389,35.35012829182644,-80.68528047941214,0,0.8914888,6346.91,0.69401383,3,1,false,false,19.790392,3.5347416,11.354403,1.6052058,0.55695903,3
43.63622,0.07606131,35.35012648900765,-80.68527277821208,0,0.89498734,6300.291,0.6602623,3,1,false,false,18.564428,4.101546,11.3200865,1.6143285,0.53864795,3
43.695667,0.07625899,35.350124776962474,-80.68526507701202,0,0.8999045,6269.1196,0.6107919,3,1,false,false,21.740396,4.3193836,13.608343,1.6229893,0.50513744,3
43.747448,0.076456904,35.35012315404047,-80.68525737572803,0,0.9042049,6233.1914,0.5643691,3,1,false,false,23.236055,4.035334,14.763546,1.6312736,0.4943916,3
43.798935,0.07665503,35.350121531668606,-80.68524956448684,0,0.91132593,6222.0063,0.5108062,3,1,false,false,22.064892,3.9213047,12.766867,1.6394947,0.49477315,3
43.83774,0.07685336,35.3501199995202,-80.68524175324565,0,0.9173526,6211.4316,0.47252005,3,1,false,false,19.301706,2.9292426,10.448038,1.6477528,0.4976654,3
43.871773,0.077051856,35.3501184673718,-80.68523394200446,0,0.92282426,6290.5605,0.43932468,3,1,false,false,19.227478,2.959155,10.224353,1.6557,0.4511413,3
43.913105,0.07725055,35.35011702489672,-80.68522613076328,0,0.928697,6354.005,0.4187941,3,1,false,false,18.087694,3.8206377,9.221663,1.6625962,0.37713262,3
43.97491,0.077449486,35.35011558297178,-80.68521820948096,0,0.9333057,6273.405,0.40991193,3,1,false,false,15.141939,4.839621,7.733469,1.6683093,0.3073845,3
44.039654,0.07764876,35.35011414049669,-80.68521039823978,0,0.9353863,6212.747,0.40874702,3,1,false,false,12.982266,3.8304102,5.7535305,1.6728245,0.23185322,3
44.067215,0.07784829,35.350112788795215,-80.68520247695747,0,0.9368198,6307.94,0.4187941,3,1,false,false,10.702844,1.6966218,3.6082132,1.67637,0.18861668,3
44.076595,0.07804799,35.35011152676705,-80.68519455567515,0,0.9384693,6521.5366,0.44398403,3,1,false,false,9.334106,1.0319245,2.6589525,1.6793509,0.16534562,3
44.090923,0.07824783,35.35011017451543,-80.68518663439284,0,0.93873125,6659.03,0.47543138,3,1,false,false,12.021956,1.8607072,3.536435,1.6821896,0.1858741,3
44.121864,0.07844781,35.35010891303741,-80.68517871311053,0,0.94036484,6686.7637,0.5211413,3,1,false,false,15.157193,3.213258,9.2115755,1.6865224,0.34061575,3
44.190228,0.07864807,35.350107651009246,-80.68517079182821,0,0.94367874,6685.427,0.5608762,3,1,false,false,10.546442,5.1350837,7.9118304,1.692982,0.4150415,3
44.265358,0.07884873,35.35010638898108,-80.68516276058871,0,0.94568264,6588.9795,0.5962399,3,1,false,false,12.845971,5.3674326,7.6061006,1.6997913,0.38408375,3
44.367634,0.07904988,35.350105217176385,-80.6851548393064,0,0.9491044,6477.657,0.61224675,3,1,false,false,14.58319,7.582658,10.139519,1.7052853,0.26537094,3
44.472015,0.07925155,35.35010404537168,-80.68514680798296,0,0.95138574,6293.6675,0.60700846,3,1,false,false,17.40923,6.3162503,10.95121,1.7088975,0.174232,3
44.53459,0.07945364,35.35010296379044,-80.68513877674346,0,0.9544838,6155.5264,0.58867264,3,1,false,false,13.132553,3.2934504,6.826773,1.7118707,0.17837866,3
44.551052,0.07965597,35.3501018822092,-80.68513074542003,0,0.9576591,6382.0938,0.571355,3,1,false,false,14.852279,0.6690763,5.813585,1.7151728,0.21505347,3
44.5452,0.07985848,35.350100800627956,-80.6851226041394,0,0.96128106,6676.047,0.55680126,3,1,false,false,12.041235,-0.057465777,6.315568,1.7194707,0.2887213,3
44.55769,0.08006103,35.35009971904672,-80.68511457281596,0,0.9656739,6735.9927,0.54108214,3,1,false,false,12.179923,2.1638737,6.0834155,1.7248051,0.35252595,3
44.58474,0.08026374,35.35009872768894,-80.68510643153533,0,0.96820176,6763.661,0.5287102,3,1,false,false,14.758986,1.8134464,6.89484,1.7314231,0.4550544,3
44.649624,0.08046667,35.35009782600447,-80.68509840029583,0,0.9696814,6887.114,0.5106607,3,1,false,false,16.988771,6.1224947,11.427793,1.7398288,0.5487112,3
44.738426,0.08067015,35.35009683464669,-80.68509025893127,0,0.97086847,6768.3984,0.48736936,3,1,false,false,18.478035,6.2973094,13.1408205,1.7492851,0.5951987,3
44.84132,0.080874085,35.35009602373583,-80.68508211765064,0,0.969666,6487.162,0.46305677,3,1,false,false,19.092718,7.9018793,12.900992,1.7592041,0.59999377,3
44.95035,0.08107853,35.35009512205137,-80.68507397637,0,0.96929634,6337.898,0.42578378,3,1,false,false,23.237343,6.3169875,14.35182,1.7685052,0.5112924,3
45.000404,0.081283346,35.35009440081383,-80.68506583508939,0,0.9694811,6308.7705,0.3863212,3,1,false,false,25.650057,3.2571115,15.611979,1.775908,0.38257015,3
45.03643,0.0814885,35.35009368012643,-80.68505758376763,0,0.9683868,6361.4316,0.33097735,3,1,false,false,23.210613,3.2571754,14.635758,1.7814116,0.28266913,3
45.071495,0.08169383,35.35009295888889,-80.68504933244589,0,0.96727705,6390.7764,0.27387398,3,1,false,false,20.03728,2.845834,11.019928,1.7857187,0.23463023,3
45.105328,0.081899345,35.350092327874805,-80.68504108112413,0,0.96661437,6458.832,0.23045625,3,1,false,false,17.12995,2.7995555,8.708448,1.7894478,0.21032661,3
45.145557,0.082105085,35.35009178708418,-80.68503293975957,0,0.96649086,6564.6885,0.1916953,3,1,false,false,13.722275,3.2740643,6.856812,1.7928773,0.19976452,3
45.199677,0.082311265,35.350091246293566,-80.6850246884378,0,0.9664756,6585.9854,0.15263803,3,1,false,false,10.882013,4.128654,6.160584,1.796243,0.20416535,3
45.26676,0.082517825,35.35009070550294,-80.68501632715886,0,0.96548915,6541.5327,0.12786002,3,1,false,false,10.12712,4.6706657,6.3686132,1.7997706,0.2193654,3
45.338943,0.08272482,35.350090254935786,-80.68500807583712,0,0.96553516,6538.8057,0.11342906,3,1,false,false,10.108979,4.846519,6.8222795,1.8035085,0.22694948,3
45.41335,0.082932234,35.35008980436862,-80.68499982451536,0,0.9661057,6544.1216,0.11444933,3,1,false,false,10.977106,5.047721,8.456897,1.8072455,0.22284023,3
45.492992,0.08313998,35.35008935325132,-80.68499146315249,0,0.9661671,6488.8857,0.12494468,3,1,false,false,11.991709,5.458156,10.08604,1.8109412,0.22245422,3
45.575397,0.083348155,35.35008890268416,-80.68498310178961,0,0.9662753,6421.337,0.14374678,3,1,false,false,13.504035,5.351118,11.090205,1.8146104,0.218027,3
45.64749,0.08355676,35.35008854234046,-80.68497485046785,0,0.9667991,6401.5625,0.16400588,3,1,false,false,13.000227,4.534246,10.16279,1.8181095,0.1980566,3
45.709423,0.08376575,35.350088181446615,-80.68496648910498,0,0.96625984,6421.189,0.17683077,3,1,false,false,14.518009,4.0705276,11.425115,1.8211852,0.17209302,3
45.767387,0.08397493,35.35008791132638,-80.68495801778491,0,0.96724606,6437.9243,0.18513754,3,1,false,false,14.323761,3.9524786,11.19627,1.8240446,0.17005876,3
45.82942,0.0841844,35.350087640656,-80.68494965642203,0,0.96696866,6440.7793,0.18819776,3,1,false,false,12.135471,4.238331,9.491041,1.8268172,0.15820846,3
45.89048,0.084394254,35.35008737053576,-80.68494129514309,0,0.96838677,6445.045,0.18630324,3,1,false,false,10.87308,3.9553099,7.640291,1.8294603,0.15862034,3
45.949978,0.08460448,35.35008709986538,-80.68493282373909,0,0.96840215,6476.2974,0.18149425,3,1,false,false,9.797646,4.019396,7.716959,1.8321146,0.1544676,3
46.010582,0.08481493,35.3500869199686,-80.6849244623762,0,0.9696199,6497.0938,0.17347896,3,1,false,false,9.485304,3.9415145,7.293608,1.8346761,0.15315095,3
46.073334,0.08502572,35.35008673952168,-80.68491599105614,0,0.9691882,6499.14,0.16662943,3,1,false,false,8.266632,4.1840386,8.185273,1.8374459,0.1760994,3
46.137188,0.08523689,35.35008664929822,-80.68490751965213,0,0.9697741,6519.5713,0.15963362,3,1,false,false,8.6047325,4.0641885,7.652637,1.8405654,0.1967522,3
46.199894,0.085448466,35.35008646940144,-80.6848991583732,0,0.9692962,6543.2896,0.15118016,3,1,false,false,9.106257,4.1501775,9.684499,1.8440384,0.22096299,3
46.266933,0.085660264,35.35008637917798,-80.684890577012,0,0.969543,6550.977,0.14258103,3,1,false,false,9.786861,4.4234443,11.288044,1.8478553,0.237254,3
46.334415,0.08587243,35.350086288954515,-80.684882105608,0,0.9706526,6532.732,0.1313578,3,1,false,false,10.242636,4.381675,10.880784,1.8517704,0.23466533,3
46.402752,0.08608497,35.350086198731056,-80.68487363428792,0,0.96924996,6517.0015,0.112408504,3,1,false,false,10.099991,4.4977665,11.310106,1.8555156,0.21595117,3
46.46706,0.08629788,35.350086198731056,-80.68486516288392,0,0.9690958,6516.816,0.092437804,3,1,false,false,10.432504,4.0371804,12.349285,1.8588556,0.18526915,3
46.52797,0.086511016,35.3500861085076,-80.68485658152274,0,0.96965086,6523.135,0.065176114,3,1,false,false,10.229413,4.0217023,11.552954,1.8616486,0.15071163,3
46.590027,0.08672449,35.350086198731056,-80.68484811020267,0,0.9698975,6530.9546,0.040973783,3,1,false,false,9.330834,4.0770564,11.2095995,1.8639014,0.1214208,3
46.65323,0.086938314,35.350086198731056,-80.68483952884147,0,0.9688953,6540.1094,0.02639284,3,1,false,false,7.9420843,4.120481,11.445098,1.8657148,0.09790844,3
46.71598,0.08715248,35.350086198731056,-80.68483094739634,0,0.96975875,6547.977,0.018518804,3,1,false,false,6.410555,4.0280905,10.159756,1.8671293,0.07399813,3
46.709526,0.08736682,35.350086288954515,-80.68482247607628,0,0.9697279,6570.6055,0.020268964,0,1,false,false,5.768912,-4.4357157,10.601059,1.868133,0.04761489,3
46.66826,0.08758098,35.35008637917798,-80.68481389471508,0,0.9703289,6087.508,0.029309025,4,1,false,false,6.3961067,1.8649023,12.804831,1.8687497,0.032211613,3
46.80356,0.08779543,35.35008646940144,-80.68480531335389,0,0.96860266,5352.083,0.04170282,4,1,false,false,4.409525,9.636889,13.253334,1.8694284,0.05767241,3
46.914013,0.08801054,35.350086559074754,-80.68479673190876,0,0.9700206,5317.031,0.05992785,4,1,false,false,5.7939253,5.1219406,12.485029,1.8704689,0.0726317,3
46.938084,0.08822594,35.35008664929822,-80.68478815054756,0,0.9701748,5396.95,0.07436078,4,1,false,false,5.6908493,0.73890495,12.577092,1.8716214,0.072968565,3
46.977028,0.08844147,35.35008682974514,-80.68477956918638,0,0.96901894,5479.888,0.08791864,4,1,false,false,5.870476,3.2567973,13.593172,1.8727863,0.075174876,3
47.027836,0.08865723,35.3500869199686,-80.68477087778405,0,0.9697587,5451.258,0.09768607,4,1,false,false,5.3133097,3.7153711,12.832165,1.8740407,0.07877984,3
47.08793,0.088873275,35.35008709986538,-80.68476229642286,0,0.9695276,5392.848,0.10410029,4,1,false,false,5.5080137,3.7497787,11.478865,1.8753632,0.08241587,3
47.133587,0.089089565,35.3500872803123,-80.68475371506166,0,0.9694348,5423.6562,0.11168032,4,1,false,false,4.9117126,2.7148783,8.952712,1.8767445,0.0815223,3
47.171227,0.08930605,35.35008746075922,-80.68474502365935,0,0.968803,5472.405,0.11998849,4,1,false,false,3.0561526,2.736811,5.3602076,1.878028,0.06476733,3
47.216274,0.08952274,35.350087640656,-80.68473633225703,0,0.96937335,5463.799,0.13573067,4,1,false,false,2.2139907,3.339638,2.9492376,1.878996,0.04310319,3
47.264317,0.089739695,35.35008782110292,-80.68472775089583,0,0.9697431,5451.586,0.15671878,4,1,false,false,2.0529225,3.0564477,2.2296486,1.8797605,0.03733784,3
47.29895,0.08995687,35.35008800154984,-80.68471905949352,0,0.96900326,5505.796,0.19460982,4,1,false,false,0.70778877,1.8884487,-1.1896747,1.8805132,0.038041443,3
47.296906,0.09017414,35.350088181446615,-80.6847103680912,0,0.9685409,5639.4004,0.24648371,4,1,false,false,4.94086,-0.63822675,-0.09119608,1.8814367,0.07139527,3
47.298958,0.09039138,35.350088452117,-80.68470178673,0,0.9686024,5887.585,0.298348,4,1,false,false,7.4697104,1.6238712,6.9585457,1.8834592,0.172406,3
47.333313,0.09060877,35.350088632563924,-80.68469309532769,0,0.9676006,5968.0723,0.36564115,4,1,false,false,8.64916,2.3250275,8.479957,1.8874648,0.3110836,3
47.37086,0.09082625,35.35008890268416,-80.68468440392537,0,0.96715367,5930.2627,0.41690102,4,1,false,false,10.974145,6.1568866,8.439242,1.8937079,0.45372334,3
47.521442,0.09104419,35.35008917335454,-80.68467571260699,0,0.9676315,5903.6914,0.47106454,4,1,false,false,15.431632,8.507102,15.267766,1.9019079,0.5261497,3
47.651966,0.091262735,35.350089533698245,-80.68466702120467,0,0.96501124,5384.648,0.5036734,4,1,false,false,20.290657,7.914601,17.094494,1.9101775,0.47470546,3
47.742645,0.09148189,35.35008989404194,-80.68465821976122,0,0.9626992,5238.448,0.52769136,4,1,false,false,22.255959,4.1764307,16.095104,1.9173634,0.39503524,3
47.71944,0.09170118,35.350090254935786,-80.6846495283589,0,0.9583218,5547.9385,0.53700686,4,1,false,false,20.753918,-2.5873895,15.063951,1.9231526,0.3030336,3
47.7251,0.09192033,35.35009070550294,-80.68464083695659,0,0.947486,5715.9404,0.5386076,4,1,false,false,18.725468,2.676848,12.699532,1.9278581,0.26964408,3
47.78388,0.092139676,35.350091246293566,-80.68463203559708,0,0.9327661,5539.848,0.53700686,4,1,false,false,16.048475,4.552666,9.92669,1.9327265,0.31296235,3
47.842037,0.09235942,35.35009178708418,-80.68462334419476,0,0.91849315,5469.57,0.5375887,4,1,false,false,13.326735,3.0029047,6.2465973,1.9384073,0.35910383,3
47.867603,0.09257935,35.350092418098264,-80.68461465279245,0,0.90230906,5639.2085,0.54122794,4,1,false,false,11.0995,1.6885228,3.9894552,1.9446148,0.37983727,3
47.896923,0.092799395,35.350093049112346,-80.68460585134899,0,0.88412106,5679.295,0.54879624,4,1,false,false,9.479403,2.6316612,3.645404,1.951036,0.38571778,3
47.945534,0.09301971,35.35009368012643,-80.68459715994668,0,0.8701409,5595.4893,0.55869323,4,1,false,false,9.100371,3.5828032,3.9018214,1.9575016,0.38612273,3
47.990364,0.09324035,35.35009431114051,-80.68458835858718,0,0.8521533,5620.768,0.5771762,4,1,false,false,10.676439,2.7014632,4.8556676,1.9639516,0.38612264,3
48.023296,0.093461156,35.35009503182791,-80.68457955714372,0,0.83532155,5666.704,0.600606,4,1,false,false,13.376195,2.5197716,7.179052,1.9705516,0.40284136,3
48.05954,0.09368212,35.35009575306545,-80.6845708657414,0,0.8258885,5632.172,0.61952233,4,1,false,false,14.755677,2.9085875,8.110922,1.9774758,0.42671236,3
48.096886,0.09390341,35.350096474302994,-80.6845620643819,0,0.82349956,5623.6855,0.63654697,4,1,false,false,15.40514,2.6549857,8.581967,1.9848635,0.4549537,3
48.126785,0.09412493,35.35009728521385,-80.68455326293845,0,0.8234072,5655.0405,0.643385,4,1,false,false,16.457375,2.4346538,8.316141,1.9925553,0.46055907,3
48.156742,0.09434657,35.350098096674856,-80.6845445715781,0,0.8256421,5649.783,0.64309394,4,1,false,false,16.890903,2.5362072,8.682901,2.0001812,0.45229903,3
48.186802,0.094568335,35.35009899780918,-80.68453577013466,0,0.8296803,5601.566,0.63843817,4,1,false,false,16.58895,2.4290931,7.569424,2.0076544,0.43750024,3
48.20666,0.094790526,35.350099899493635,-80.68452696873318,0,0.8378496,5645.27,0.632036,4,1,false,false,15.635805,1.6367459,5.8724914,2.0147583,0.41003546,3
48.218754,0.0950128,35.350100890851415,-80.68451827733087,0,0.8445389,5720.2173,0.6302898,4,1,false,false,14.113745,1.2729374,5.26991,2.0214703,0.3970365,3
48.23218,0.095235124,35.3501018822092,-80.68450947592939,0,0.8491939,5745.3096,0.6337821,4,1,false,false,13.755574,1.6280102,4.814324,2.0282042,0.40794975,3
48.246727,0.09545752,35.35010287356698,-80.68450078452707,0,0.85371,5817.9497,0.6457132,4,1,false,false,12.612094,1.5580105,3.6788707,2.035146,0.42105326,3
48.26692,0.095679894,35.35010395514822,-80.6844919831256,0,0.8565153,5838.217,0.66026217,4,1,false,false,11.418541,1.993633,3.2807717,2.0421727,0.41651794,3
48.292595,0.09590238,35.350105037279604,-80.68448329176525,0,0.8596134,5847.492,0.6806302,4,1,false,false,11.596876,2.5616581,4.364673,2.0489755,0.39394486,3
48.32582,0.09612501,35.35010611886084,-80.6844744903218,0,0.85965955,5844.1777,0.7028871,4,1,false,false,12.207777,2.6862621,4.9434786,2.0552995,0.36366573,3
48.363194,0.09634762,35.35010729066555,-80.68446568892033,0,0.8598907,5815.0034,0.7231068,4,1,false,false,12.905426,3.0640576,5.2584248,2.0611968,0.34588912,3
48.396965,0.09657021,35.35010846192011,-80.68445699751801,0,0.8598447,5797.2324,0.74652433,4,1,false,false,13.367079,2.6637776,5.526047,2.066984,0.35041907,3
48.428513,0.09679294,35.35010972394827,-80.68444819611653,0,0.859444,5779.481,0.7732849,4,1,false,false,14.762687,2.5222087,6.9557977,2.0728776,0.35431826,3
48.45364,0.09701581,35.35011098597643,-80.6844395047142,0,0.85928977,5778.0547,0.79815245,4,1,false,false,16.04719,2.2790797,7.4704556,2.0787501,0.35046893,3
48.476875,0.09723857,35.35011224800459,-80.68443070331274,0,0.8586732,5764.5635,0.8151659,4,1,false,false,15.989923,2.4804015,7.8609567,2.084641,0.35560706,3
48.504623,0.09746138,35.35011359970608,-80.68442201191041,0,0.85865784,5763.846,0.82956135,4,1,false,false,16.692795,2.6018884,7.777948,2.0905886,0.35715663,3
48.531017,0.09768431,35.3501149519577,-80.68441332055006,0,0.8586424,5736.5674,0.83566797,4,1,false,false,15.552743,2.4603264,6.4287314,2.096523,0.35347572,3
48.55211,0.09790735,35.35011639388264,-80.68440451914859,0,0.8576714,5713.635,0.8372676,4,1,false,false,15.250006,1.6309217,5.9130487,2.102354,0.34756252,3
48.557495,0.09813026,35.350117836357725,-80.68439582774627,0,0.8569932,5783.904,0.837849,4,1,false,false,14.641628,0.9217273,5.180345,2.1080744,0.34069043,3
48.563713,0.098353185,35.35011936850612,-80.68438713634396,0,0.85437274,5851.147,0.8397392,4,1,false,false,12.861372,1.3461578,3.5154867,2.113637,0.325243,3
48.581818,0.098576166,35.350120900654524,-80.68437833494248,0,0.85432667,5863.8857,0.8448281,4,1,false,false,11.547768,1.9460951,3.3528438,2.1189082,0.30930948,3
48.608124,0.09879922,35.35012243335307,-80.68436964354017,0,0.8510128,5854.8716,0.8536969,4,1,false,false,11.133754,2.2339172,3.2259185,2.1238706,0.28588223,3
48.631214,0.09902229,35.35012396550147,-80.68436095213784,0,0.84829974,5849.9507,0.8673634,4,1,false,false,11.62506,1.885466,3.9856513,2.1283658,0.25766826,3
48.64353,0.09924545,35.35012558787333,-80.68435226077749,0,0.84820724,5888.6685,0.881029,4,1,false,false,15.389046,1.1084028,5.276163,2.1325696,0.26738906,3
48.653873,0.09946865,35.35012721024519,-80.68434356937517,0,0.8477911,5911.816,0.89934623,4,1,false,false,15.303603,1.6576133,7.182242,2.137477,0.327823,3
48.672756,0.09969189,35.35012892284052,-80.68433487797286,0,0.8472208,5918.8765,0.91446376,4,1,false,false,15.658279,2.1756659,7.6239796,2.143479,0.39014724,3
48.701138,0.09991519,35.35013063543584,-80.68432618657053,0,0.846928,5891.7324,0.92551064,4,1,false,false,16.592646,2.611846,7.7892356,2.1501427,0.39955467,3
48.73102,0.10013864,35.35013243825462,-80.68431760520934,0,0.8463269,5834.594,0.92870855,4,1,false,false,17.06374,2.590519,8.082359,2.1565502,0.36464867,3
48.754494,0.10036222,35.350134241073405,-80.68430891380703,0,0.84754467,5812.6045,0.9260923,4,1,false,false,17.440475,2.1400368,8.155213,2.1621897,0.31288508,3
48.77497,0.10058589,35.350136133565506,-80.6843002224047,0,0.84740585,5809.067,0.91998684,4,1,false,false,16.937038,2.0052848,6.9154067,2.1669579,0.26582685,3
48.793926,0.100809656,35.35013802660775,-80.68429164104352,0,0.8477603,5823.7124,0.91519046,4,1,false,false,15.500649,1.8772591,5.6180563,2.1711519,0.245201,3
48.811733,0.10103351,35.35013991964999,-80.68428294964119,0,0.8490704,5844.1313,0.91795194,4,1,false,false,14.467422,1.8004874,5.0388794,2.1751807,0.24096933,3
48.826817,0.101257466,35.35014190236556,-80.68427436828,0,0.8483771,5855.87,0.9260924,4,1,false,false,13.934802,1.232249,4.6628847,2.179142,0.23860683,3
48.835697,0.1014815,35.35014388563126,-80.6842657869188,0,0.8493326,5916.773,0.9394643,4,1,false,false,13.339052,0.8777079,4.4952264,2.1831143,0.24278435,3
48.847073,0.10170558,35.35014595857028,-80.68425709551649,0,0.8502574,5974.112,0.9508011,4,1,false,false,13.166193,1.2802124,4.4227023,2.1872241,0.2534553,3
48.87456,0.10192973,35.3501480315093,-80.6842485141553,0,0.8503808,5986.0864,0.96446323,4,1,false,false,12.852356,2.632811,4.9523277,2.1914978,0.25816905,3
48.91962,0.10215411,35.35015010499847,-80.68423993275213,0,0.8490553,5929.3525,0.97608954,4,1,false,false,13.110069,3.3843048,5.8320394,2.1957033,0.24724522,3
48.970306,0.10237876,35.35015226816095,-80.68423135139093,0,0.84973323,5836.783,0.99134797,4,1,false,false,14.332357,3.562857,7.078088,2.1995976,0.22072278,3
49.01138,0.102603614,35.35015443132343,-80.68422277002975,0,0.8501185,5810.634,1.0057347,4,1,false,false,14.543064,2.6116357,6.2786527,2.2028635,0.1777403,3
49.043594,0.10282867,35.35015659448592,-80.68421418862658,0,0.85001063,5801.7983,1.0231718,4,1,false,false,15.2319145,2.268772,6.9061384,2.2054896,0.15541446,3
49.074123,0.103053935,35.35015884787186,-80.6842056072654,0,0.85019565,5792.631,1.0397356,4,1,false,false,14.589529,2.150588,7.0373425,2.2080655,0.16591167,3
49.10255,0.10327936,35.35016119148126,-80.68419713592434,0,0.85172176,5820.583,1.0500512,4,1,false,false,14.532083,2.18545,6.284475,2.210929,0.18345611,3
49.134296,0.103504926,35.350163535090665,-80.68418855454216,0,0.85264647,5803.4253,1.0570253,4,1,false,false,15.939604,2.2603836,7.6310525,2.21411,0.20767497,3
49.166718,0.10373067,35.35016587870007,-80.68418008318012,0,0.85629964,5789.6426,1.0609479,4,1,false,false,17.538822,2.2458572,9.621773,2.2177577,0.23588802,3
49.19759,0.1039567,35.35016831198279,-80.68417150181894,0,0.8602145,5786.5513,1.0641446,4,1,false,false,18.677608,2.1353893,9.6957245,2.2219102,0.26756492,3
49.229763,0.104182854,35.35017074581565,-80.6841630304569,0,0.8652239,5758.1777,1.0669047,4,1,false,false,17.809238,2.156291,9.912214,2.2266898,0.309078,3
49.25655,0.104409166,35.350173269321836,-80.68415455909486,0,0.86946255,5783.015,1.0680668,4,1,false,false,16.870193,1.6257557,8.475486,2.2321124,0.33401477,3
49.283676,0.104635686,35.35017579337816,-80.68414597771269,0,0.87781686,5805.66,1.0670497,4,1,false,false,17.80934,2.110567,8.473581,2.2376168,0.32053956,3
49.31739,0.10486242,35.350178407107805,-80.68413761637079,0,0.8842133,5828.161,1.0641446,4,1,false,false,18.423012,2.505051,9.440577,2.242789,0.30350128,3
49.361954,0.105089344,35.35018102138759,-80.68412914502974,0,0.89377,5756.1836,1.0586234,4,1,false,false,18.077757,2.8935513,9.543084,2.2476768,0.29233944,3
49.40101,0.1053165,35.35018363511723,-80.6841206736677,0,0.9035574,5755.142,1.0542647,4,1,false,false,17.872911,2.0919647,8.567901,2.2525635,0.29977974,3
49.4323,0.105543934,35.3501864292938,-80.68411220230567,0,0.92106724,5825.8813,1.0536834,4,1,false,false,16.857525,2.1238117,7.8289924,2.257531,0.29692715,3
49.46611,0.10577156,35.3501891332469,-80.68410384096377,0,0.93534017,5828.663,1.05688,4,1,false,false,15.984287,2.245547,8.0921545,2.2624774,0.30404302,3
49.51156,0.10599937,35.350192017646926,-80.68409547964286,0,0.95527005,5819.0205,1.0622559,4,1,false,false,16.41639,2.8141606,7.9166346,2.2675657,0.308005,3
49.556255,0.106227435,35.350194811823485,-80.68408700828083,0,0.9744598,5831.628,1.0667596,4,1,false,false,15.763823,2.5908241,7.1572146,2.272665,0.30799738,3
49.60268,0.106455855,35.35019769622351,-80.68407864693893,0,0.98938,5836.5425,1.0686476,4,1,false,false,15.251009,2.8571782,7.7235446,2.277738,0.3056631,3
49.651108,0.106684476,35.350200670846995,-80.68407028559704,0,1.0000001,5831.863,1.0705361,4,1,false,false,16.045273,2.8319018,8.415453,2.282811,0.31045538,3
49.699867,0.106913336,35.35020364547048,-80.68406192425515,0,1,5831.752,1.0727159,4,1,false,false,16.70767,2.8806834,8.804686,2.2880583,0.32535082,3
49.747154,0.107142515,35.350206619543826,-80.68405367293339,0,1,5833.271,1.0785267,4,1,false,false,17.018795,2.711712,8.897848,2.293645,0.34989703,3
49.792297,0.107371956,35.35020968439077,-80.6840453115915,0,1,5836.4795,1.0844829,4,1,false,false,17.317183,2.6329443,9.405625,2.29972,0.37794366,3
49.8359,0.107601605,35.350212748687575,-80.68403706026974,0,1,5840.3096,1.0902939,4,1,false,false,18.568144,2.563986,10.38967,2.3062522,0.40503863,3
49.880337,0.10783147,35.35021590375798,-80.68402869893835,0,1,5839.128,1.0931994,4,1,false,false,18.585642,2.696873,10.719561,2.3131626,0.41791618,3
49.92566,0.10806208,35.3502191485017,-80.68402044761659,0,1,5835.0083,1.0931993,4,1,false,false,19.225416,2.7072175,9.870436,2.3200915,0.4109144,3
49.968468,0.10829296,35.350222393245424,-80.68401219629484,0,1,5832.814,1.0908754,4,1,false,false,19.671148,2.6052299,10.803776,2.3269196,0.40811777,3
50.01201,0.10852405,35.35022563798915,-80.68400394497309,0,1,5832.431,1.088841,4,1,false,false,19.829687,2.4680939,11.127525,2.3335497,0.39170697,3
50.04917,0.10875533,35.350228973506475,-80.68399580367148,0,1,5842.774,1.0878242,4,1,false,false,22.03174,2.2363336,12.731563,2.3401718,0.41062185,3
50.08511,0.108986706,35.35023239814698,-80.68398755234972,0,1,5861.4834,1.0884053,4,1,false,false,23.4286,2.244577,12.550206,2.3473673,0.44880557,3
50.121902,0.10921823,35.35023582333762,-80.68397941103763,0,1,5860.214,1.089713,4,1,false,false,19.856033,2.2823393,10.176246,2.3551378,0.4688665,3
50.162914,0.109449945,35.35023933875173,-80.683971269736,0,1,5867.007,1.0902938,4,1,false,false,20.081633,2.4699583,10.884071,2.3629293,0.45109525,3
50.205402,0.10968153,35.350242854165835,-80.6839631284344,0,1,5868.5527,1.0889865,4,1,false,false,19.863762,2.7161431,10.312869,2.3700097,0.39321867,3
50.252,0.10991315,35.3502464598034,-80.68395509715293,0,1,5853.256,1.085064,4,1,false,false,19.83339,2.781444,9.233511,2.3760118,0.3382121,3
50.295246,0.110144936,35.35025006489082,-80.68394706586096,0,1,5855.134,1.078963,4,1,false,false,19.076756,2.5392516,9.896292,2.3814688,0.32766205,3
50.33466,0.110376894,35.35025376075185,-80.68393892455936,0,1,5878.42,1.0786724,4,1,false,false,17.475721,2.0902402,9.137713,2.38689,0.33382422,3
50.370182,0.110608585,35.350257546286194,-80.68393100328753,0,1,5914.1035,1.0844829,4,1,false,false,18.50374,2.0859299,10.148443,2.3926444,0.36083087,3
50.414715,0.11084041,35.35026133182054,-80.68392297200081,0,1,5932.0405,1.0918918,4,1,false,false,19.079779,2.676546,10.098,2.3988862,0.3829984,3
50.46585,0.111072436,35.35026511735489,-80.6839149407141,0,1,5891.2104,1.0984287,4,1,false,false,18.321367,2.9952672,10.15573,2.405406,0.39275035,3
50.516937,0.111304484,35.35026899338776,-80.68390701944753,0,1,5878.8916,1.1019151,4,1,false,false,18.464924,2.8383574,10.5407715,2.4119463,0.38388994,3
50.560635,0.1115365,35.35027286914556,-80.68389909818096,0,1,5892.4707,1.1017702,4,1,false,false,20.25822,2.3828733,11.953777,2.41822,0.36986652,3
50.602383,0.111768685,35.350276835126834,-80.68389117690913,0,1,5891.63,1.1016247,4,1,false,false,20.194748,2.4155152,11.905663,2.4243538,0.3676699,3
50.63197,0.112001024,35.35028089133156,-80.68388336566008,0,1,5902.7637,1.1042397,4,1,false,false,26.842688,1.5249212,15.424675,2.4311101,0.45743617,3
50.65938,0.11223316,35.350284947261216,-80.68387544439088,0,1,5927.5303,1.1104859,4,1,false,false,28.177473,1.6857495,18.805151,2.4400916,0.58219117,3
50.692837,0.11246538,35.3502890936894,-80.68386774315672,0,1,5919.1685,1.1141171,4,1,false,false,26.518007,2.247252,17.658348,2.4506721,0.6290665,3
50.729652,0.11269779,35.35029333006597,-80.68385993190635,0,1,5905.969,1.1146979,4,1,false,false,29.573748,2.1908119,18.7001,2.4613662,0.5949194,3
50.76389,0.11293026,35.35029756644255,-80.6838522306726,0,1,5882.852,1.107726,4,1,false,false,30.185863,2.1723273,18.632654,2.4706874,0.48488358,3
50.797474,0.11316274,35.35030189276752,-80.68384463945686,0,1,5866.6206,1.0929086,4,1,false,false,29.03993,2.0330186,18.380854,2.4778779,0.37697315,3
50.830067,0.11339536,35.35030630959101,-80.68383704824153,0,1,5884.398,1.0767834,4,1,false,false,26.917799,1.8203852,16.879206,2.4837284,0.33487174,3
50.860607,0.11362816,35.3503108163629,-80.68382945702619,0,1,5907.708,1.0615293,4,1,false,false,24.087454,1.6680961,13.655848,2.4894238,0.35198182,3
50.89599,0.11386097,35.35031532313479,-80.68382197582707,0,1,5929.278,1.0554273,4,1,false,false,21.010895,2.0167072,11.698488,2.4957848,0.4021808,3
50.938824,0.114093885,35.35031991985506,-80.68381449462795,0,1,5938.3584,1.0562991,4,1,false,false,19.133677,2.3720791,10.955025,2.502964,0.43637916,3
50.98593,0.114327006,35.35032451685041,-80.68380701343145,0,1,5918.8936,1.0603673,4,1,false,false,17.825144,2.6113281,9.69772,2.510346,0.43021402,3
51.033104,0.11456031,35.35032911384575,-80.68379964224985,0,1,5912.783,1.0644348,4,1,false,false,18.58276,2.476673,10.687613,2.5174155,0.41381326,3
51.07385,0.11479374,35.35033389101295,-80.68379216105335,0,1,5928.595,1.0658876,4,1,false,false,19.706585,2.1394534,12.212885,2.5243607,0.42050213,3
51.113308,0.1150273,35.350338577956684,-80.68378489988663,0,1,5939.788,1.0670499,4,1,false,false,19.777584,2.1491036,12.418738,2.5315068,0.43837613,3
51.152813,0.11526105,35.35034335512388,-80.68377752871028,0,1,5948.283,1.0705361,4,1,false,false,19.698627,2.1655407,11.891085,2.539109,0.46649027,3
51.194107,0.11549497,35.35034822251454,-80.68377026754357,0,1,5955.894,1.0746049,4,1,false,false,20.085615,2.2864604,12.472605,2.5469606,0.46617946,3
51.23349,0.115729034,35.350353089630126,-80.68376300638211,0,1,5951.0767,1.0766381,4,1,false,false,22.054745,2.1826675,13.934591,2.5547414,0.46946254,3
51.272064,0.11596327,35.35035804724424,-80.68375574522064,0,1,5955.384,1.0740234,4,1,false,false,21.7435,2.1774068,13.09425,2.5626853,0.47988722,3
51.309013,0.1161977,35.35036300458329,-80.68374859406883,0,1,5967.8525,1.067486,4,1,false,false,21.129795,1.9971685,12.124393,2.5707276,0.48380256,3
51.345573,0.11643233,35.3503680521458,-80.6837414429275,0,1,5987.437,1.0618196,4,1,false,false,21.003231,2.1689215,11.968163,2.578951,0.49435213,3
51.38486,0.11666712,35.35037309970831,-80.68373440179583,0,1,5988.03,1.0554268,4,1,false,false,20.993164,2.3266797,11.982677,2.5872054,0.4879579,3
51.423183,0.11690206,35.35037823749427,-80.68372725065451,0,1,5979.06,1.0525217,4,1,false,false,22.78169,2.1672807,13.599756,2.5954173,0.49936256,3
51.459892,0.11713732,35.35038337528024,-80.68372031954297,0,1,5998.246,1.0513592,4,1,false,false,24.35771,2.0415452,14.661879,2.6040068,0.52002317,3
51.493793,0.11737276,35.35038860301459,-80.68371327842179,0,1,6005.544,1.0517948,4,1,false,false,23.68552,2.0822413,14.124348,2.6129913,0.5383127,3
51.531357,0.117608346,35.35039383102402,-80.68370634731026,0,1,6004.484,1.0506327,4,1,false,false,22.955662,2.3710258,13.625912,2.6221344,0.52890295,3
51.567013,0.11784415,35.35039914898184,-80.68369952621887,0,1,5999.1885,1.0477271,4,1,false,false,24.845865,2.1498976,14.837482,2.6308544,0.5005581,3
51.601627,0.11808038,35.35040446693966,-80.68369270512748,0,1,5994.2446,1.0411887,4,1,false,false,25.92076,2.146474,16.315916,2.63908,0.4771741,3
51.633705,0.11831672,35.35040987512094,-80.6836858840256,0,1,5997.458,1.0336334,4,1,false,false,25.853607,1.968968,15.567122,2.6470563,0.47182453,3
51.665535,0.11855323,35.350415373250605,-80.68367917295436,0,1,6012.731,1.0244794,4,1,false,false,25.034943,1.9796774,14.695795,2.6551015,0.474331,3
51.700115,0.11879014,35.35042087165534,-80.68367257189276,0,1,6016.925,1.0150342,4,1,false,false,24.44697,2.1206212,14.382219,2.6630826,0.4626027,3
51.737144,0.119027354,35.35042646000847,-80.68366597083116,0,1,6008.117,1.0045722,4,1,false,false,23.704996,2.355416,13.796049,2.6706715,0.43303972,3
51.774044,0.11926475,35.3504320483616,-80.68365936979055,0,1,6005.097,0.991348,4,1,false,false,23.286015,2.2184415,13.284483,2.67778,0.40769827,3
51.809666,0.11950238,35.35043772693818,-80.68365287874909,0,1,6010.984,0.9704215,4,1,false,false,22.028105,2.0956597,12.262241,2.6844382,0.3861003,3
51.846504,0.11974063,35.35044349546316,-80.68364638770763,0,1,6021.786,0.94614995,4,1,false,false,20.151192,2.1306183,11.51765,2.6907752,0.37313017,3
51.88407,0.11997904,35.35044917403975,-80.6836400066863,0,1,6032.296,0.9263825,4,1,false,false,19.995941,2.1785731,11.3842125,2.6969213,0.3650843,3
51.92255,0.12021761,35.3504549428398,-80.683633625665,0,1,6042.1987,0.90414315,4,1,false,false,20.975657,2.2886562,12.4460335,2.703214,0.39024678,3
51.963818,0.12045678,35.350460801588234,-80.68362724464367,0,1,6045.0684,0.88684386,4,1,false,false,19.937506,2.3366613,12.672605,2.7100556,0.42227736,3
52.00342,0.12069635,35.35046666033667,-80.6836209736425,0,1,6047.912,0.86736345,4,1,false,false,19.423689,2.3029225,11.606752,2.7174487,0.44874546,3
52.04476,0.12093609,35.350472609308575,-80.68361481264049,0,1,6058.567,0.85064393,4,1,false,false,20.406357,2.3750863,12.456918,2.725057,0.44760722,3
52.08563,0.12117611,35.35047855828047,-80.68360854163932,0,1,6046.6094,0.8267986,4,1,false,false,20.70826,2.4540093,12.610854,2.7323837,0.4265693,3
52.126663,0.12141671,35.35048450725237,-80.68360238065827,0,1,6041.8276,0.8036784,4,1,false,false,20.741121,2.4089546,12.460703,2.7393913,0.4140394,3
52.165276,0.12165746,35.35049054617266,-80.6835963296764,0,1,6055.5415,0.7751754,4,1,false,false,20.424505,2.2236412,11.862022,2.7461963,0.40599164,3
52.202915,0.1218984,35.35049658536801,-80.68359027871551,0,1,6072.731,0.752197,4,1,false,false,19.024012,2.249278,10.049599,2.7529476,0.40570214,3
52.244144,0.12213915,35.35050271451176,-80.68358422775462,0,1,6085.0776,0.72979754,4,1,false,false,19.793415,2.4515316,10.876692,2.7596653,0.40396628,3
52.287144,0.12237994,35.35050884365551,-80.68357828679288,0,1,6083.0796,0.71467,4,1,false,false,18.987957,2.5226798,10.451909,2.7664397,0.407825,3
52.330097,0.12262091,35.35051497307433,-80.68357234585213,0,1,6086.2305,0.6986688,4,1,false,false,18.089897,2.4197922,9.548517,2.7732818,0.40968534,3
52.37179,0.12286198,35.35052119244154,-80.6835664048904,0,1,6100.376,0.6865946,4,1,false,false,18.74485,2.4570632,9.953451,2.7800903,0.40707275,3
52.413914,0.123102956,35.35052741180875,-80.68356057396979,0,1,6106.338,0.6736469,4,1,false,false,18.197428,2.4027631,10.234007,2.786819,0.40135217,3
52.457497,0.123344116,35.35053372112435,-80.6835547430282,0,1,6102.191,0.66404504,4,1,false,false,18.09741,2.4573946,9.477292,2.7934282,0.39236388,3
52.50077,0.12358548,35.35054003071502,-80.68354902210675,0,1,6111.5723,0.65618867,4,1,false,false,16.85875,2.6362493,8.962829,2.7997727,0.36994764,3
52.54372,0.12382679,35.35054634003061,-80.6835433011853,0,1,6126.8267,0.6512421,4,1,false,false,16.657856,2.5092142,8.457511,2.805716,0.3488623,3
52.589874,0.12406823,35.350552739844744,-80.68353758028482,0,1,6122.171,0.64804107,4,1,false,false,17.304068,2.6604037,8.922854,2.8112164,0.32712024,3
52.633747,0.12430989,35.350559139383805,-80.68353196938352,0,1,6124.932,0.64469504,4,1,false,false,15.571194,2.370864,7.6562586,2.8165581,0.32502198,3
52.67591,0.124551654,35.35056553892286,-80.68352635848221,0,1,6156.61,0.64294857,4,1,false,false,16.431372,2.2877324,7.6143317,2.821888,0.32842255,3
52.71798,0.124793455,35.35057202868538,-80.6835207475809,0,1,6169.147,0.6422213,4,1,false,false,15.954345,2.53707,8.639466,2.8274264,0.3454801,3
52.76307,0.12503545,35.3505785184479,-80.68351524669973,0,1,6168.8237,0.6425121,4,1,false,false,15.606004,2.5160427,7.957201,2.833315,0.36487204,3
52.809746,0.12527767,35.350585008210416,-80.68350974581855,0,1,6175.6597,0.64338493,4,1,false,false,16.481245,2.7025537,7.9765935,2.8393843,0.36690313,3
52.85455,0.12551992,35.350591588196394,-80.6835042449374,0,1,6180.0786,0.64222133,4,1,false,false,16.884604,2.6358175,9.351807,2.8455708,0.3802602,3
52.90215,0.12576237,35.35059816790731,-80.68349885407636,0,1,6173.3257,0.6377106,4,1,false,false,17.83009,2.6977286,10.088225,2.8519042,0.38385823,3
52.943954,0.12600505,35.350604838116745,-80.68349346319435,0,1,6175.3374,0.62999904,4,1,false,false,17.516518,2.4727435,8.986465,2.858346,0.39000413,3
52.98705,0.12624785,35.35061141782765,-80.68348818235347,0,1,6202.7397,0.6150118,4,1,false,false,17.99175,2.5003302,9.268327,2.8647616,0.38092813,3
53.030376,0.1264908,35.350618088037095,-80.68348290151258,0,1,6196.5713,0.5963854,4,1,false,false,18.160435,2.654454,10.403167,2.87097,0.37005243,3
53.073864,0.12673396,35.350624848194926,-80.6834776206717,0,1,6193.3066,0.56742555,4,1,false,false,19.833254,2.4964094,11.25109,2.8771477,0.37929827,3
53.114834,0.12697732,35.35063151812929,-80.68347244982996,0,1,6220.047,0.53657013,4,1,false,false,18.371595,2.3234272,9.919905,2.8836033,0.3890933,3
53.15699,0.12722084,35.35063836851058,-80.68346727903021,0,1,6237.957,0.5090596,4,1,false,false,18.23457,2.553004,9.372536,2.889996,0.37362656,3
53.205303,0.12746456,35.35064512866841,-80.68346221818764,0,1,6231.313,0.47819763,4,1,false,false,19.817621,3.119757,11.6043625,2.8962102,0.3673373,3
53.25725,0.12770854,35.35065197877463,-80.68345715738704,0,1,6197.6846,0.45140955,4,1,false,false,19.271664,2.9324098,11.362695,2.9021971,0.34878075,3
53.302937,0.12795277,35.35065882915592,-80.68345209658644,0,1,6194.67,0.43044308,4,1,false,false,19.113482,2.5019422,10.776752,2.9079561,0.3406848,3
53.34819,0.12819721,35.35066567953721,-80.68344714578498,0,1,6236.905,0.41821194,4,1,false,false,19.506989,2.6095643,10.888694,2.9135098,0.31833452,3
53.395996,0.12844187,35.35067261986689,-80.68344219498354,0,1,6214.8296,0.41136843,4,1,false,false,17.521992,2.9691045,9.30937,2.918594,0.28882045,3
53.44666,0.12868682,35.35067965042003,-80.68343735422322,0,1,6190.127,0.4123876,4,1,false,false,19.200443,2.7511392,10.673735,2.9231863,0.2685134,3
53.49079,0.12893203,35.35068659074971,-80.6834325134629,0,1,6214.9546,0.41937697,4,1,false,false,20.043913,2.389807,12.524149,2.9277372,0.2839888,3
53.53289,0.12917745,35.350693621302845,-80.68342778270174,0,1,6235.208,0.43000615,4,1,false,false,18.65315,2.2939258,11.302852,2.9327452,0.3143647,3
53.579056,0.12942311,35.35070065185599,-80.68342305194058,0,1,6247.9,0.4432559,4,1,false,false,18.533615,2.7601035,10.815769,2.9382424,0.33471555,3
53.63269,0.12966913,35.35070777263259,-80.68341843117857,0,1,6245.2246,0.45796132,4,1,false,false,19.073187,2.9024413,12.276378,2.9439127,0.33130574,3
53.684,0.1299154,35.35071489340919,-80.68341381045853,0,1,6203.4424,0.46757013,4,1,false,false,18.418837,2.841496,11.183162,2.94928,0.3038482,3
53.730362,0.13016194,35.350722014185784,-80.68340918969653,0,1,6204.075,0.4723743,4,1,false,false,18.275068,2.3428483,10.709165,2.9541333,0.28043377,3
53.771652,0.13040881,35.35072913468731,-80.68340467897565,0,1,6236.774,0.47397593,4,1,false,false,17.269732,2.229242,11.259567,2.9586751,0.27059266,3
53.813797,0.13065593,35.35073634568738,-80.68340016825478,0,1,6244.2793,0.47426718,4,1,false,false,16.359066,2.315244,9.853769,2.9631965,0.2807132,3
53.860527,0.1309033,35.35074355641237,-80.68339576757502,0,1,6259.924,0.47572303,4,1,false,false,16.833473,2.5888956,9.38345,2.9680855,0.31041372,3
53.908627,0.13115096,35.35075076741243,-80.6833913668533,0,1,6273.9775,0.47878015,4,1,false,false,14.786649,2.485254,9.001055,2.9735625,0.3408077,3
53.95836,0.131399,35.350758068360875,-80.68338696617354,0,1,6266.4263,0.4844578,4,1,false,false,14.17624,2.6810725,7.715086,2.979278,0.3406298,3
54.006603,0.13164727,35.35076536930933,-80.68338267545097,0,1,6267.06,0.4905717,4,1,false,false,16.724634,2.583695,9.463088,2.984933,0.34138423,3
54.052868,0.13189583,35.350772670257776,-80.68337838477038,0,1,6272.3677,0.49697718,4,1,false,false,17.14642,2.4201965,10.603501,2.9906547,0.35041407,3
54.096764,0.13214478,35.35077997120623,-80.68337420408893,0,1,6284.926,0.5039649,4,1,false,false,16.802473,2.394566,10.165016,2.996674,0.37373617,3
54.14161,0.13239397,35.350787362378135,-80.68337002344947,0,1,6309.5654,0.512553,4,1,false,false,18.317455,2.442768,10.543937,3.0031228,0.39642054,3
54.18827,0.13264339,35.350794753274975,-80.68336584276803,0,1,6305.51,0.5202678,4,1,false,false,19.032873,2.5899386,12.073488,3.0098948,0.41217107,3
54.235233,0.1328932,35.35080214444689,-80.68336177212771,0,1,6294.221,0.5257989,4,1,false,false,20.37169,2.5333605,12.692314,3.0169747,0.4304006,3
54.27803,0.13314335,35.35080962584226,-80.68335770148741,0,1,6306.2153,0.5271088,4,1,false,false,21.280006,2.3247063,13.217198,3.0242727,0.43804222,3
54.31881,0.13339372,35.35081710696256,-80.68335374084624,0,1,6319.05,0.5228882,4,1,false,false,22.859392,2.3346941,14.581259,3.031737,0.45113295,3
54.360355,0.13364436,35.35082458808286,-80.68334989020425,0,1,6314.562,0.51386327,4,1,false,false,23.877235,2.3924174,15.634075,3.0393724,0.4576429,3
54.401646,0.13389543,35.35083215970169,-80.68334603960422,0,1,6313.518,0.50018024,4,1,false,false,25.757984,2.3463843,17.044468,3.047202,0.47447237,3
54.43981,0.13414669,35.35083964082199,-80.68334218896221,0,1,6325.7544,0.4806726,4,1,false,false,27.27144,2.173142,18.063972,3.0554032,0.49314502,3
54.47702,0.13439819,35.35084730238921,-80.68333855840247,0,1,6328.875,0.46058217,4,1,false,false,27.142008,2.25628,17.794657,3.0637345,0.48928776,3
54.51533,0.13465016,35.35085487373297,-80.68333492780076,0,1,6323.74,0.43845105,4,1,false,false,26.760298,2.2836597,17.58073,3.07182,0.4624582,3
54.55389,0.13490234,35.350862535300195,-80.68333140724016,0,1,6317.668,0.41020295,4,1,false,false,25.64121,2.313644,15.694941,3.0791116,0.3989738,3
54.593704,0.13515475,35.350870286815805,-80.68332788667958,0,1,6316.38,0.38151526,4,1,false,false,23.705395,2.3480346,14.029447,3.085217,0.3299038,3
54.634388,0.13540743,35.35087794838302,-80.68332447616011,0,1,6321.2197,0.34408554,4,1,false,false,22.503263,2.3614523,14.197187,3.0903149,0.28634655,3
54.676373,0.13566034,35.350885700173706,-80.68332117559784,0,1,6328.863,0.29936787,4,1,false,false,19.540022,2.411283,12.795682,3.095037,0.28291166,3
54.721188,0.13591346,35.350893451689316,-80.68331787507752,0,1,6345.9917,0.24881516,4,1,false,false,16.764452,2.507741,10.890997,3.0998652,0.29062778,3
54.767845,0.13616651,35.35090120320493,-80.68331468455638,0,1,6355.629,0.18878077,4,1,false,false,13.780146,2.6668808,8.838537,3.1046252,0.2665598,3
54.817627,0.1364192,35.35090904521907,-80.68331138403607,0,1,6338.8887,0.13223232,4,1,false,false,12.082857,2.759361,8.535515,3.108657,0.21103303,3
54.867416,0.13667214,35.35091688695814,-80.68330830355605,0,1,6324.255,0.07479863,4,1,false,false,10.485731,2.716765,8.209834,3.1115952,0.14641596,3
54.91538,0.1369253,35.35092463847375,-80.68330511303489,0,1,6340.264,0.018956896,4,1,false,false,8.093662,2.6026623,8.774319,3.1135795,0.10346067,3
54.96288,0.13717858,35.35093257043628,-80.68330203255486,0,1,6368.7466,-0.027708285,4,1,false,false,5.2162075,2.5367932,7.223686,3.1149569,0.06620508,3
55.01336,0.13743211,35.35094041217535,-80.68329895207485,0,1,6378.802,-0.05673144,4,1,false,false,3.5270545,2.8363388,7.4138565,3.1157072,0.029283412,3
55.06911,0.13768591,35.35094825391442,-80.6832957615537,0,1,6373.4424,-0.07481834,4,1,false,false,2.4649122,3.0462773,9.419521,3.1158307,-0.011080333,3
55.126263,0.13793987,35.35095609592856,-80.6832926810317,0,1,6364.417,-0.08371577,4,1,false,false,1.2660713,3.09917,10.879794,3.1152873,-0.04849444,3
55.182713,0.13819408,35.35096402761602,-80.68328960055167,0,1,6377.642,-0.08415331,4,1,false,false,-0.3080833,2.8745537,11.787068,3.1142535,-0.077475294,3
55.23766,0.13844857,35.350971869630165,-80.68328652007165,0,0.9858351,6395.9897,-0.08123599,4,1,false,false,-2.1728315,2.8971956,13.147314,3.1128137,-0.101547115,3
55.293205,0.13870327,35.35097980131762,-80.68328343959163,0,0.93373716,6379.7144,-0.07846414,4,1,false,false,-3.0218034,2.8681362,13.732212,3.1111047,-0.114267044,3
55.34351,0.13895816,35.35098773328016,-80.68328035906964,0.009372143,0.8730849,6351.832,-0.0774436,4,1,false,false,-4.3715353,2.4111743,14.404587,3.1092825,-0.115502864,3
55.380867,0.13921328,35.350995665242685,-80.68327727858961,0.028262628,0.8005643,6350.639,-0.08021484,4,1,false,false,-5.797533,1.4946625,15.4263935,3.1074762,-0.11053443,3
55.4018,0.1394685,35.351003506981755,-80.68327408806846,0.0643196,0.71039474,6353.039,-0.088237755,4,1,false,false,-6.6975408,0.63322914,14.536786,3.105747,-0.10500999,3
55.406483,0.13972375,35.35101143894429,-80.68327089754732,0.10788743,0.61931634,6337.4253,-0.09947005,4,1,false,false,-6.8208885,-0.4965085,14.75463,3.1040492,-0.10392701,3
55.388893,0.13997895,35.35101937090682,-80.68326781706729,0.1595545,0.5216098,6317.4824,-0.11405773,4,1,false,false,-8.047052,-1.9573406,14.961967,3.1023064,-0.11315489,3
55.339935,0.14023401,35.35102721264589,-80.68326451654698,0.22040607,0.40659395,6291.803,-0.13200198,4,1,false,false,-8.221941,-4.230179,13.031659,3.100285,-0.13310191,3
55.254425,0.14048865,35.35103514460842,-80.68326132602583,0.2675187,0.3054194,6279.589,-0.14688341,4,1,false,false,-8.610018,-6.3944473,14.082699,3.0979764,-0.15136448,3
55.13542,0.14074284,35.351042986347494,-80.68325813550467,0.30532587,0.20968594,6282.3496,-0.15943117,4,1,false,false,-9.266202,-8.04654,13.714788,3.0952914,-0.17565043,3
54.9947,0.14099643,35.351050828086564,-80.6832549450255,0.34132865,0.12813279,6262.069,-0.1667267,4,1,false,false,-9.598591,-9.107089,11.634261,3.092223,-0.19562879,3
54.83793,0.14124925,35.35105866982563,-80.68325164446323,0.36672273,0.072582394,6211.148,-0.16672671,4,1,false,false,-9.822219,-10.146217,11.901479,3.0888586,-0.20961522,3
54.666943,0.14150131,35.351066421616316,-80.6832483439429,0.39454132,0.028021844,6122.8057,-0.16118187,4,1,false,false,-9.742138,-10.622987,11.5475025,3.085303,-0.214916,3
54.491558,0.14175257,35.35107417313193,-80.6832450434226,0.42033452,0,6015.957,-0.15082303,4,1,false,false,-9.340664,-10.877677,10.578601,3.0816984,-0.21736106,3
54.307083,0.14200296,35.351081834699144,-80.6832417429023,0.4413687,0,5926.027,-0.1368166,4,1,false,false,-9.398541,-11.6242075,10.172019,3.07804,-0.22029449,3
54.07889,0.14225242,35.35108949626637,-80.68323844238199,0.45729706,0,6134.4,-0.11741316,4,1,false,false,-7.802417,-15.415808,9.399938,3.0744,-0.21464814,3
53.833252,0.14250074,35.351097157833586,-80.68323514181972,0.46561816,0,6204.772,-0.098886475,4,1,false,false,-7.9404106,-14.020151,8.362432,3.0708816,-0.20609644,3
53.62705,0.14274803,35.351104729177344,-80.68323173130025,0.46575984,0,6089.6416,-0.08298615,4,1,false,false,-8.14517,-11.94268,8.6162815,3.0675552,-0.19181491,3
53.425747,0.14299439,35.35111230052111,-80.68322843077995,0.4673381,0,5980.9424,-0.07044235,4,1,false,false,-7.8353996,-12.475936,8.916625,3.0644643,-0.17667387,3
53.21589,0.1432398,35.35111987186487,-80.68322513021766,0.47063118,0,5946.776,-0.06329513,4,1,false,false,-7.2228084,-13.182582,7.988545,3.0616536,-0.15776263,3
52.986973,0.14348423,35.35112735326024,-80.6832217196982,0.47546732,0,6003.378,-0.062274,4,1,false,false,-7.258789,-14.099901,8.4116745,3.059144,-0.14309087,3
52.762524,0.14372763,35.35113474415708,-80.68321830913678,0.48273504,0,5956.2314,-0.066066384,4,1,false,false,-7.820173,-13.22548,9.208481,3.0567794,-0.14166135,3
52.549362,0.14397004,35.35114222555245,-80.68321500861646,0.49002844,0,5888.5933,-0.07190047,4,1,false,false,-8.566115,-12.965883,8.484576,3.0543804,-0.14816332,3
52.328075,0.14421149,35.3511495265009,-80.68321159805502,0.49404746,0,5875.791,-0.07802717,4,1,false,false,-7.534313,-13.812827,8.131251,3.0518906,-0.1472378,3
52.103867,0.14445192,35.35115691767281,-80.68320818753557,0.49699387,0,5877.904,-0.08386177,4,1,false,false,-7.730807,-13.586579,8.154692,3.0495546,-0.13208164,3
51.880856,0.1446914,35.35116421862126,-80.68320477697414,0.4965111,0,5854.9985,-0.086779095,4,1,false,false,-8.079526,-13.550896,8.162485,3.0474584,-0.113869436,3
51.659332,0.14492984,35.35117142934625,-80.68320147645382,0.49614015,0,5819.2563,-0.08765417,4,1,false,false,-8.586573,-13.66472,9.375915,3.045559,-0.11763532,3
51.434776,0.14516732,35.35117864034631,-80.68319806589238,0.49495393,0,5776.8013,-0.08707063,4,1,false,false,-7.7873526,-13.674659,8.592163,3.0433373,-0.14574532,3
51.21014,0.14540383,35.3511858510713,-80.6831945453318,0.4892568,0,5731.614,-0.08648759,4,1,false,false,-7.6212006,-13.590477,8.815137,3.0407114,-0.16937399,3
50.98419,0.14563933,35.3511929718479,-80.68319113477037,0.4839359,0,5700.498,-0.086633064,4,1,false,false,-8.390593,-14.344159,9.011972,3.0377257,-0.18534468,3
50.752346,0.1458738,35.35120009234943,-80.6831877242509,0.48023108,0,5703.8896,-0.087800235,4,1,false,false,-8.703056,-13.789536,8.59151,3.0347152,-0.1762049,3
50.526768,0.14610726,35.35120721312603,-80.68318431368947,0.47844055,0,5714.562,-0.08969641,4,1,false,false,-8.6128435,-13.718936,9.513119,3.0318725,-0.16410533,3
50.307957,0.14633974,35.351214243679166,-80.68318090317001,0.4760609,0,5681.366,-0.09144656,4,1,false,false,-9.07536,-13.01169,9.526623,3.0292354,-0.15200266,3
50.09376,0.14657128,35.35122118400885,-80.68317738256745,0.4744972,0,5643.622,-0.09203073,4,1,false,false,-8.623001,-13.044635,8.484729,3.0267346,-0.14681941,3
49.883526,0.14680184,35.3512281246136,-80.68317397204798,0.4701494,0,5617.4697,-0.09203072,4,1,false,false,-7.580405,-12.595004,8.466439,3.0243075,-0.14201209,3
49.67841,0.14703155,35.351235064943275,-80.68317045148738,0.468031,0,5584.8936,-0.09144658,4,1,false,false,-7.9765177,-12.5771675,7.5761056,3.0219336,-0.14229311,3
49.469063,0.14726031,35.351241915324565,-80.68316704092595,0.4617696,0,5547.7163,-0.09086356,4,1,false,false,-7.254581,-12.927604,7.3329706,3.019519,-0.14677738,3
49.257942,0.1474881,35.351248765705854,-80.68316352036537,0.45412406,0,5524.8784,-0.090717524,4,1,false,false,-6.92839,-12.861998,7.774989,3.0169613,-0.15903555,3
49.053654,0.14771497,35.35125561581208,-80.68316010980394,0.4444946,0,5497.278,-0.09305182,4,1,false,false,-6.6502438,-12.141,6.78437,3.014289,-0.15797505,3
48.859287,0.14794093,35.3512623759699,-80.68315658924334,0.43173265,0,5469.0566,-0.09874044,4,1,false,false,-7.1445084,-11.924916,6.6354513,3.011641,-0.16171087,3
48.65688,0.148166,35.35126913612773,-80.68315306868276,0.41546604,0,5446.7236,-0.10880555,4,1,false,false,-7.765405,-12.672923,8.68068,3.0088396,-0.17192735,3
48.464905,0.14839014,35.35127580633718,-80.68314954812216,0.3947303,0.75,5763.0825,-0.123248905,0,1,false,false,-9.108069,-10.943461,8.357656,3.0058756,-0.18463369,3
48.29287,0.14861344,35.35128247627154,-80.68314602756158,0.37099385,0,6145.33,-0.14600836,0,1,false,false,-9.276317,-10.488905,7.4451337,3.0026217,-0.206087,3
48.122276,0.1488359,35.351289146205914,-80.68314250700098,0.34727466,0,6033.7607,-0.17081174,3,1,false,false,-10.116934,-10.380289,8.226621,2.9990115,-0.22641028,3
47.917618,0.14905754,35.35129572619189,-80.6831389864404,0.32261056,0,6395.4106,-0.1985364,3,1,false,false,-8.57904,-14.2826185,7.52631,2.9951591,-0.23244607,3
47.69071,0.14927812,35.3513023059028,-80.6831354658798,0.29183176,0,6648.1504,-0.23034997,3,1,false,false,-9.250837,-13.105845,6.4514217,2.991243,-0.23898096,3
47.515583,0.14949821,35.35130879566532,-80.68313194531922,0.26365367,0,6525.842,-0.25778875,3,1,false,false,-11.565079,-8.960385,6.39021,2.987027,-0.26799923,3
47.39212,0.14971781,35.351315375651296,-80.6831283147175,0.23188797,0,6397.245,-0.28376937,3,1,false,false,-11.177496,-7.1859217,6.206293,2.9823198,-0.29379883,3
47.276497,0.14993683,35.35132177519036,-80.68312468411578,0.19888754,0,6317.526,-0.3096075,3,1,false,false,-11.93879,-7.382883,6.8096743,2.9771576,-0.32885844,3
47.14346,0.15015528,35.351328264952876,-80.683121053598,0.16012968,0,6385.6733,-0.34187156,3,1,false,false,-11.545477,-8.416375,6.7469783,2.9712837,-0.3733659,3
47.0171,0.15037277,35.35133466476701,-80.68311742299629,0.13044336,0,6418.667,-0.37034267,3,1,false,false,-12.611929,-7.1800084,5.612221,2.9647539,-0.40997347,3
46.912067,0.15058966,35.35134106430606,-80.68311379239456,0.10610443,0,6382.6763,-0.3973558,3,1,false,false,-14.138499,-6.1649146,6.42268,2.9576185,-0.44454715,3
46.810123,0.15080604,35.351347373621664,-80.68311005183567,0.08248429,0,6365.0137,-0.42539454,3,1,false,false,-16.37473,-6.1822486,8.071766,2.950006,-0.46379882,3
46.70929,0.15102193,35.35135368321233,-80.68310631119282,0.0655852,0,6400.881,-0.44788554,3,1,false,false,-16.44542,-5.8593435,8.607536,2.9422476,-0.46416757,3
46.620907,0.151237,35.351359992803,-80.68310257063392,0.05137942,0,6426.2954,-0.46906394,3,1,false,false,-17.031282,-4.8507276,8.480954,2.934591,-0.45158416,3
46.538162,0.15145165,35.35136621217021,-80.68309871994995,0.040100068,0.0026511552,6409.1826,-0.48732233,3,1,false,false,-19.466007,-4.694912,8.937293,2.9270167,-0.45995054,3
46.46475,0.15166593,35.35137243126235,-80.68309486934992,0.031072585,0.015444398,6384.556,-0.50017726,3,1,false,false,-19.179625,-4.148997,9.237725,2.9192672,-0.46795723,3
46.390907,0.15187982,35.351378650629556,-80.68309101874989,0.023505285,0.0335553,6385.9404,-0.50821143,3,1,false,false,-19.621067,-4.2575502,9.483763,2.9112782,-0.49027613,3
46.32058,0.15209314,35.35138478004838,-80.68308705810873,0.01824486,0.057492517,6402.7124,-0.5111333,3,1,false,false,-19.387354,-4.0229683,8.54604,2.9029222,-0.5081191,3
46.255672,0.15230612,35.351390909192126,-80.68308309746757,0.0136466045,0.089768484,6404.675,-0.5104027,3,1,false,false,-19.344152,-3.4369683,7.866492,2.89446,-0.50619483,3
46.198013,0.1525188,35.35139703833587,-80.68307902686924,0.0088753095,0.14189711,6418.745,-0.5058743,3,1,false,false,-20.178251,-3.095556,9.757909,2.8860288,-0.50485605,3
46.147366,0.15273118,35.35140307753123,-80.68307495618694,0.005073377,0.21184376,6440.1123,-0.49930114,3,1,false,false,-20.974571,-2.4578044,10.083962,2.8776097,-0.5045869,3
46.105534,0.15294322,35.35140911645152,-80.68307077554748,0.00074186205,0.3096273,6512.308,-0.48907527,3,1,false,false,-20.295435,-2.1257699,8.962123,2.8692784,-0.4910739,3
46.066177,0.15315503,35.351415155646876,-80.68306659482407,0,0.3887142,6621.3228,-0.48001888,3,1,false,false,-21.323362,-2.0376823,9.915017,2.8612483,-0.47615755,3
46.025963,0.1533667,35.35142110461877,-80.68306230414348,0,0.45187896,6772.304,-0.470963,3,1,false,false,-22.32112,-2.0643432,10.64728,2.8532853,-0.47684762,3
46.014214,0.15357816,35.351427053590676,-80.68305801346288,0,0.5162612,6643.727,-0.45723295,3,1,false,false,-19.550257,1.6118594,9.1364765,2.8454542,-0.46065614,3
46.057617,0.15378964,35.3514330022875,-80.68305372278228,0,0.55679905,6427.7344,-0.44321248,3,1,false,false,-16.868906,2.5531065,6.995033,2.8378968,-0.44485337,3
46.081627,0.15400128,35.3514389512594,-80.68304932206055,0,0.5889826,6495.569,-0.4227658,3,1,false,false,-18.651714,1.0989101,8.158605,2.8307607,-0.4007245,3
46.08407,0.15421298,35.351444810282906,-80.68304481138165,0,0.6122568,6585.4043,-0.3956033,3,1,false,false,-21.321964,0.4615701,9.169159,2.8245647,-0.35004252,3
46.09654,0.1544247,35.351450669031344,-80.6830403006188,0,0.63210946,6546.49,-0.3650861,3,1,false,false,-19.028576,1.4697678,9.242352,2.818649,-0.3704426,3
46.121387,0.15463649,35.35145643755632,-80.6830357899399,0,0.6496655,6550.283,-0.3348631,3,1,false,false,-19.8995,1.6903387,10.973977,2.8119369,-0.4341494,3
46.144047,0.1548484,35.35146229630476,-80.68303116913592,0,0.6661425,6616.2227,-0.31252703,3,1,false,false,-20.106197,1.489334,10.579052,2.804481,-0.45451674,3
46.176838,0.15506043,35.35146806510481,-80.68302654841588,0,0.6807084,6625.1323,-0.29661545,3,1,false,false,-21.133314,2.7001746,10.938156,2.79703,-0.43728256,3
46.222713,0.15527268,35.35147383362979,-80.68302181765472,0,0.68920135,6505.9062,-0.28668892,3,1,false,false,-21.17963,3.1649868,12.054136,2.790037,-0.40222338,3
46.26208,0.15548517,35.35147960242983,-80.68301708689356,0,0.69824886,6458.034,-0.2774933,3,1,false,false,-21.2649,2.2891755,11.694703,2.7837012,-0.35441142,3
46.28656,0.1556978,35.351485281006426,-80.6830122461752,0,0.70262635,6536.666,-0.27107066,3,1,false,false,-20.871855,1.5994351,10.346047,2.778326,-0.29091892,3
46.31502,0.1559106,35.35149095958301,-80.68300729533179,0,0.705632,6562.22,-0.26888174,3,1,false,false,-21.216537,2.3186336,10.830347,2.7738535,-0.25200444,3
46.356396,0.15612362,35.3514966381596,-80.68300234457232,0,0.70555484,6528.9976,-0.27282247,3,1,false,false,-20.277342,2.8050416,11.795051,2.7696934,-0.24921249,3
46.39675,0.15633689,35.35150222651273,-80.6829973937289,0,0.7054009,6527.0356,-0.2844997,3,1,false,false,-18.005276,2.224122,9.106058,2.7655337,-0.2504636,3
46.431618,0.15655033,35.351507814865855,-80.6829923329283,0,0.703582,6578.5244,-0.30595833,3,1,false,false,-16.438843,1.9948378,7.620046,2.761443,-0.2397992,3
46.471817,0.156764,35.35151340321898,-80.68298727212769,0,0.70080763,6608.5405,-0.33135933,3,1,false,false,-15.93489,2.7675467,8.205121,2.7575638,-0.2248953,3
46.523483,0.15697801,35.35151899157211,-80.68298210128596,0,0.69376385,6559.0186,-0.3637722,3,1,false,false,-15.387492,3.1577826,8.252908,2.7539816,-0.20692204,3
46.57854,0.1571923,35.35152457992524,-80.68297693044424,0,0.67278594,6491.7607,-0.39487377,3,1,false,false,-15.205322,3.103144,8.406236,2.7505774,-0.20121644,3
46.62299,0.15740687,35.35153007832997,-80.68297175968644,0,0.6368878,6485.2627,-0.42977557,3,1,false,false,-16.336878,2.1192932,9.507853,2.7471209,-0.21609938,3
46.654247,0.15762164,35.351535666683105,-80.68296647880359,0,0.5886587,6508.055,-0.4714011,3,1,false,false,-15.207066,1.4816633,9.337658,2.7432823,-0.24191597,3
46.681553,0.15783675,35.35154116481277,-80.68296119792073,0,0.5333086,6511.5,-0.51566213,3,1,false,false,-14.822039,1.3402382,8.4237,2.7390783,-0.2617638,3
46.704075,0.15805198,35.351546572994046,-80.68295580708069,0,0.4727334,6493.819,-0.5606599,3,1,false,false,-16.076025,1.0121454,8.791987,2.7344196,-0.29707918,3
46.718216,0.15826733,35.351552071398785,-80.68295041624064,0,0.41820037,6477.9116,-0.5993818,3,1,false,false,-16.400904,0.2401787,9.012351,2.7292128,-0.32417616,3
46.72028,0.15848276,35.351557479580066,-80.68294502540061,0,0.36756682,6476.617,-0.63489354,3,1,false,false,-16.41368,-0.32467452,9.216417,2.7235935,-0.35222313,3
46.714027,0.15869844,35.35156288748627,-80.68293952451944,0,0.31269455,6486.1807,-0.6730404,3,1,false,false,-17.467173,-0.82655895,9.502087,2.7174017,-0.3882056,3
46.701653,0.15891407,35.35156829566755,-80.68293402363827,0,0.26939803,6481.816,-0.70359105,3,1,false,false,-16.937634,-1.0641608,9.461737,2.7106962,-0.41175994,3
46.68311,0.15912963,35.35157361362536,-80.6829285227571,0,0.2281667,6465.5327,-0.7287354,3,1,false,false,-17.72125,-1.4683237,8.819774,2.7036617,-0.43162405,3
46.657127,0.15934518,35.351578931583184,-80.68292302187594,0,0.18793735,6459.8296,-0.74891067,3,1,false,false,-18.204256,-1.8986416,9.029742,2.6963093,-0.4482004,3
46.62594,0.15956084,35.351584249541,-80.68291741095364,0,0.15094489,6452.4155,-0.76426303,3,1,false,false,-17.729492,-2.1328588,8.383389,2.6887953,-0.45151588,3
46.591507,0.15977633,35.35158947755043,-80.68291168999022,0,0.11575572,6420.7163,-0.77888465,3,1,false,false,-16.59478,-2.1868155,8.095664,2.6812186,-0.4547787,3
46.55773,0.15999168,35.35159470528478,-80.68290607915186,0,0.08455874,6362.5776,-0.7921912,3,1,false,false,-17.756828,-2.1378217,7.901219,2.6736207,-0.45534566,3
46.52381,0.160207,35.35159993329421,-80.68290035818845,0,0.054964714,6282.4893,-0.8052053,3,1,false,false,-15.760583,-2.072308,5.940023,2.6660607,-0.44694152,3
46.49209,0.16042237,35.35160507108018,-80.68289463730896,0,0.027359068,6183.8706,-0.81807446,3,1,false,false,-14.484253,-1.9897987,5.101547,2.6586256,-0.44321576,3
46.451473,0.16063756,35.351610208591076,-80.68288880638835,0,0.003190603,6226.5166,-0.8321141,3,1,false,false,-16.892248,-3.6098769,6.4908304,2.6511328,-0.46030924,3
46.35972,0.16085245,35.351615346377045,-80.68288308542493,0,-4.656613e-10,6443.2783,-0.84542274,3,1,false,false,-16.895006,-5.941842,7.8869753,2.643209,-0.4876082,3
46.281353,0.16106711,35.35162039393955,-80.68287725450432,0,0,6452.002,-0.86487496,3,1,false,false,-18.253258,-3.7256274,8.591863,2.6347394,-0.52882504,3
46.233017,0.16128165,35.351625351553665,-80.68287131354259,0,0,6357.374,-0.88520634,3,1,false,false,-19.51282,-2.2711797,10.017931,2.625503,-0.57841307,3
46.180553,0.16149595,35.351630399116175,-80.68286548262198,0,0,6338.121,-0.89764035,3,1,false,false,-21.13839,-3.8195963,10.707525,2.615681,-0.58968383,3
46.106636,0.16170998,35.35163526623176,-80.68285954166025,0,0,6364.5337,-0.9015895,3,1,false,false,-22.42296,-4.219925,11.834077,2.6059103,-0.583521,3
46.032326,0.16192387,35.35164022384588,-80.68285360069851,0,0,6379.8696,-0.89603114,3,1,false,false,-24.214592,-4.041248,12.640649,2.596186,-0.5844014,3
45.962566,0.16213751,35.351645001013075,-80.68284754977958,0,0,6362.486,-0.8808179,3,1,false,false,-24.091429,-3.5990465,12.704037,2.5863683,-0.5933186,3
45.89563,0.16235085,35.351649778180274,-80.68284149877672,0,0,6342.2793,-0.8638511,3,1,false,false,-24.027641,-3.710658,11.773423,2.576466,-0.5938627,3
45.825806,0.16256388,35.351654555347466,-80.6828354478578,0,0,6336.8403,-0.8449836,3,1,false,false,-22.745258,-3.8005564,10.637207,2.5666943,-0.57130164,3
45.75611,0.16277628,35.351659242291205,-80.68282928681381,0,0,6333.6343,-0.83035886,3,1,false,false,-20.803942,-3.7107859,8.923073,2.557727,-0.4986446,3
45.68897,0.16298823,35.35166392951001,-80.68282312585377,0,0,6315.6606,-0.81851304,3,1,false,false,-21.260164,-3.513561,9.593613,2.5500224,-0.4259397,3
45.625042,0.16319989,35.351668526230284,-80.68281696489372,0,0,6295.7583,-0.8046206,3,1,false,false,-21.034365,-3.4324658,9.329518,2.543409,-0.36842924,3
45.564323,0.16341126,35.35167303300217,-80.68281069389255,0,0,6286.0845,-0.79803985,3,1,false,false,-17.133198,-3.0546408,7.1420536,2.5376208,-0.33486518,3
45.511707,0.16362205,35.35167762999752,-80.68280442289137,0,0,6276.4395,-0.79891795,3,1,false,false,-15.5216055,-3.076933,6.5500884,2.5319035,-0.35311046,3
45.458485,0.16383249,35.351682046545946,-80.68279815180625,0,0,6259.659,-0.8050591,3,1,false,false,-16.461308,-3.0784745,6.8156805,2.5258024,-0.38083175,3
45.400764,0.16404267,35.35168655331783,-80.68279188080508,0,0,6247.33,-0.8144183,3,1,false,false,-22.600916,-3.1892653,9.145149,2.5190961,-0.42414093,3
45.337845,0.16425256,35.35169097014133,-80.68278549984672,0,0,6242.689,-0.8245089,3,1,false,false,-20.12891,-3.5795498,11.11832,2.511756,-0.44553798,3
45.269627,0.16446184,35.351695296466296,-80.68277911880442,0,0,6246.317,-0.83079743,3,1,false,false,-21.568869,-3.877307,11.837613,2.504494,-0.4222221,3
45.19637,0.16467074,35.35169962306633,-80.68277273776212,0,0,6249.033,-0.83196795,3,1,false,false,-24.267572,-3.9936109,14.303146,2.497783,-0.37843496,3
45.125034,0.1648793,35.35170385944291,-80.68276624676263,0,0,6241.959,-0.82392347,3,1,false,false,-25.356531,-3.732276,13.687422,2.4918265,-0.33942494,3
45.060448,0.1650876,35.351708005596024,-80.6827597556792,0,0,6229.9526,-0.80856925,3,1,false,false,-24.400295,-3.5192895,12.872763,2.486252,-0.33489913,3
44.999123,0.16529535,35.35171215174913,-80.68275326467972,0,0,6222.4946,-0.788828,3,1,false,false,-21.706549,-3.5144205,11.284748,2.4805923,-0.34083688,3
44.939034,0.16550276,35.35171629817732,-80.6827466636391,0,0,6219.315,-0.7654326,3,1,false,false,-20.361279,-3.4746203,9.655869,2.4748783,-0.34300262,3
44.882656,0.1657099,35.35172035410698,-80.68274017255567,0,0.00058573484,6211.973,-0.74627936,3,1,false,false,-20.26501,-3.332789,9.040927,2.4691393,-0.34688273,3
44.828716,0.16591682,35.351724320088245,-80.68273346147393,0,0.04456058,6204.7344,-0.7309281,3,1,false,false,-19.492764,-3.190187,9.190915,2.4633143,-0.35048816,3
44.778492,0.16612327,35.35172828606951,-80.68272686043332,0,0.11839147,6228.4077,-0.72098756,3,1,false,false,-19.275093,-2.936173,10.937537,2.4573295,-0.37009904,3
44.73595,0.16632947,35.35173225205077,-80.68272025939271,0,0.19294676,6263.046,-0.7199638,3,1,false,false,-20.025793,-2.3626447,11.77027,2.4508908,-0.4010798,3
44.704014,0.16653551,35.35173612780858,-80.68271354831096,0,0.29145473,6327.838,-0.72508067,3,1,false,false,-22.263363,-1.8007882,13.147624,2.443919,-0.4344146,3
44.67044,0.16674145,35.351739913618,-80.68270683722922,0,0.38965434,6472.4683,-0.73443687,3,1,false,false,-21.880148,-2.1912642,12.811384,2.4363935,-0.46114257,3
44.63443,0.1669471,35.351743699152344,-80.68270001610635,0,0.4537594,6642.7046,-0.74087036,3,1,false,false,-22.347868,-2.0222793,14.087128,2.428646,-0.46218824,3
44.65846,0.16715263,35.3517473947383,-80.68269319506743,0,0.5015876,6368.5547,-0.74452466,3,1,false,false,-22.146437,4.1761203,14.571884,2.4208927,-0.47276762,3
44.73634,0.16735849,35.35175109032425,-80.68268637394456,0,0.5365146,6101.7095,-0.74306303,3,1,false,false,-23.158798,3.6770868,14.48913,2.4127324,-0.49935013,3
44.765694,0.16756463,35.35175478591021,-80.68267944286451,0,0.55616707,6134.8965,-0.7377992,3,1,false,false,-23.724222,-0.20384753,12.6877,2.4043853,-0.49576455,3
44.745693,0.16777071,35.3517583912727,-80.68267251170052,0,0.56909883,6299.2114,-0.72932017,3,1,false,false,-21.77297,-0.8808584,12.53697,2.3963356,-0.46701723,3
44.746525,0.16797672,35.351761906686804,-80.68266558062047,0,0.57927203,6390.5215,-0.72157174,3,1,false,false,-21.406311,0.68141675,12.06243,2.388707,-0.45112312,3
44.777637,0.16818283,35.35176542182584,-80.68265853949927,0,0.58885914,6329.58,-0.7144089,3,1,false,false,-20.660368,2.5378456,11.864678,2.3811502,-0.45733142,3
44.822216,0.16838917,35.35176884701649,-80.68265149837809,0,0.59607244,6249.017,-0.70987725,3,1,false,false,-20.387486,2.494855,10.933048,2.3734212,-0.46620557,3
44.85284,0.1685957,35.35177227220713,-80.68264445725691,0,0.60550576,6255.5303,-0.70709914,3,1,false,false,-19.374424,1.3702719,10.989625,2.3656762,-0.4589748,3
44.871548,0.16880232,35.35177569739778,-80.6826373060946,0,0.61435306,6313.6675,-0.7063685,3,1,false,false,-18.777674,1.0479287,10.543481,2.3581574,-0.44069806,3
44.8943,0.16900907,35.35177903236496,-80.6826301549323,0,0.6221522,6338.421,-0.707099,3,1,false,false,-18.676525,1.6633421,10.58451,2.350966,-0.4239659,3
44.928055,0.16921602,35.35178227710868,-80.68262300377,0,0.62696135,6316.7476,-0.70914584,3,1,false,false,-19.66347,2.165548,10.937543,2.3439298,-0.42464697,3
44.964516,0.16942321,35.35178552212748,-80.6826158526077,0,0.6292273,6297.895,-0.7117773,3,1,false,false,-19.003437,2.0345738,11.6208105,2.3366954,-0.43950912,3
44.99435,0.16963056,35.3517887668712,-80.68260859148819,0,0.6293198,6311.466,-0.71630955,3,1,false,false,-18.76512,1.6458018,11.092111,2.3291414,-0.46354422,3
45.0193,0.16983807,35.35179192166654,-80.68260122032757,0,0.62908864,6341.533,-0.72054845,3,1,false,false,-19.390495,1.4043996,11.195854,2.321181,-0.4913969,3
45.045956,0.17004578,35.35179507646187,-80.68259395912415,0,0.62814826,6356.356,-0.7234724,3,1,false,false,-19.98899,1.6671703,12.185302,2.312831,-0.50958824,3
45.07598,0.17025374,35.351798231257206,-80.68258658796353,0,0.62793255,6348.8174,-0.72318,3,1,false,false,-21.004818,1.8658366,13.373766,2.3041902,-0.5227189,3
45.10477,0.17046191,35.35180120560562,-80.6825792168029,0,0.62572837,6338.133,-0.719379,3,1,false,false,-21.77936,1.8371761,12.529964,2.2953618,-0.52932346,3
45.13002,0.17067021,35.351804270177496,-80.68257184564229,0,0.6233237,6337.707,-0.7114854,3,1,false,false,-21.491247,1.7057722,12.346766,2.286613,-0.51632726,3
45.153755,0.17087868,35.35180715457752,-80.68256436444054,0,0.62110436,6347.76,-0.7012521,3,1,false,false,-22.047178,1.588706,13.084747,2.2781138,-0.5038297,3
45.17692,0.17108753,35.351810129201006,-80.68255688323879,0,0.6131356,6353.779,-0.68429554,3,1,false,false,-22.68942,1.5520675,13.170743,2.269796,-0.492113,3
45.20168,0.17129654,35.351812923377565,-80.68254940203704,0,0.59574896,6342.5083,-0.6666092,3,1,false,false,-21.916353,1.7429793,11.803495,2.2617471,-0.47432715,3
45.22704,0.1715057,35.35181571755413,-80.68254181079416,0,0.5622092,6329.6123,-0.64249355,3,1,false,false,-20.858828,1.5315262,11.695291,2.2539406,-0.46025893,3
45.246807,0.17171504,35.35181851173069,-80.6825342195513,0,0.5069206,6317.635,-0.60595775,3,1,false,false,-18.805466,1.1703191,9.690941,2.2464755,-0.43066624,3
45.260887,0.17192481,35.3518212156838,-80.68252662839237,0,0.45238763,6307.042,-0.5711807,3,1,false,false,-18.134653,0.80606127,9.194815,2.239631,-0.39297485,3
45.267418,0.17213471,35.35182391991197,-80.68251903714949,0,0.39278334,6296.785,-0.53494585,3,1,false,false,-17.351461,0.33521485,8.628233,2.233312,-0.36592853,3
45.267036,0.1723447,35.35182653364161,-80.68251133594943,0,0.33157626,6281.8447,-0.49886245,3,1,false,false,-16.992462,-0.11933006,9.01868,2.2274725,-0.33897,3
45.260147,0.1725547,35.35182914764633,-80.68250363466542,0,0.27691975,6270.448,-0.4708169,3,1,false,false,-16.318724,-0.47221673,8.599072,2.2219076,-0.33802018,3
45.246437,0.17276517,35.35183167142758,-80.68249593346536,0,0.22677946,6271.825,-0.4502226,3,1,false,false,-16.30766,-0.9523259,9.198585,2.2161894,-0.3459663,3
45.225174,0.17297563,35.35183419520884,-80.68248823218137,0.00088864693,0.1884923,6263.5767,-0.4385388,3,1,false,false,-16.378656,-1.386828,8.949091,2.2104046,-0.35123274,3
45.200535,0.17318605,35.35183671899009,-80.68248053098131,0.005309011,0.15223962,6255.6514,-0.4344493,3,1,false,false,-16.102316,-1.5768241,9.66762,2.2044683,-0.3591776,3
45.171196,0.1733964,35.35183915254788,-80.68247282978125,0.009613336,0.12062644,6235.1343,-0.43459532,3,1,false,false,-16.630798,-1.8128626,10.567642,2.198476,-0.35843137,3
45.13975,0.17360725,35.351841496157284,-80.68246512849724,0.014624989,0.08619253,6188.7583,-0.43649372,3,1,false,false,-16.680801,-1.8914053,10.448965,2.1925328,-0.35457614,3
45.105896,0.17381802,35.35184383976669,-80.68245731725607,0.019468434,0.05234441,6115.9697,-0.43926835,3,1,false,false,-17.812735,-2.0804965,11.010605,2.186611,-0.3554178,3
45.069874,0.17402866,35.3518461833761,-80.68244950601488,0.024673063,0.026218444,6023.331,-0.4398531,3,1,false,false,-17.873123,-2.1284425,11.144722,2.1806767,-0.35772854,3
45.03089,0.17423922,35.35184843676203,-80.68244180481481,0.032988477,-2.7939677e-09,5951.181,-0.43824607,3,1,false,false,-18.448275,-2.715455,11.798734,2.174645,-0.36705765,3
44.945557,0.1744496,35.35185069014798,-80.6824339934897,0.043199625,0,6153.877,-0.43284273,3,1,false,false,-16.465061,-6.881991,10.59175,2.1684535,-0.37034798,3
44.831837,0.17465952,35.35185285331046,-80.68242618233243,0.05845926,0,6315.982,-0.42334995,3,1,false,false,-17.753946,-5.9388857,11.573465,2.1622949,-0.37196305,3
44.75676,0.17486906,35.35185492624949,-80.68241837100732,0.07883091,0,6271.7017,-0.4077242,3,1,false,false,-18.412407,-2.9570904,12.133402,2.1559517,-0.3913076,3
44.71322,0.17507839,35.35185708968704,-80.68241055985007,0.11477081,0,6156.7695,-0.3769132,3,1,false,false,-18.067572,-3.5073342,12.157364,2.1491385,-0.41542852,3
44.643826,0.17528687,35.35185907267767,-80.68240274852494,0.14437276,0,6072.0547,-0.34975526,3,1,false,false,-17.450377,-4.578979,11.342008,2.142195,-0.41362718,3
44.54399,0.17549501,35.3518610556683,-80.68239493719982,0.18415101,0,6099.8525,-0.3107752,3,1,false,false,-16.424923,-6.838897,11.515228,2.1354134,-0.39144352,3
44.42329,0.17570268,35.351863038658934,-80.68238712604257,0.21776572,0,6144.4243,-0.27413565,3,1,false,false,-15.971037,-7.3667493,10.914865,2.1292224,-0.35036552,3
44.30055,0.17590982,35.35186493142611,-80.68237942484251,0.25364515,0,6120.9497,-0.23253883,3,1,false,false,-15.450432,-7.289074,11.451948,2.1236608,-0.31999263,3
44.17344,0.17611597,35.351866734244894,-80.68237161351739,0.2774115,0,6049.3535,-0.20320609,3,1,false,false,-15.406537,-7.820171,11.834857,2.118434,-0.3100865,3
44.03933,0.17632155,35.3518685367886,-80.68236380236013,0.29429212,0,6000.117,-0.18000464,3,1,false,false,-13.563459,-8.427695,10.783192,2.1133401,-0.3005382,3
43.89057,0.1765265,35.35187033960739,-80.68235599103501,0.30689642,0,5988.0093,-0.16366227,3,1,false,false,-12.735207,-9.221932,10.962194,2.1083658,-0.2950166,3
43.735306,0.17673083,35.35187205220271,-80.68234828983495,0.3116523,0,5977.582,-0.15724237,3,1,false,false,-12.382575,-9.608608,10.94682,2.1034553,-0.29107425,3
43.579277,0.17693411,35.35187376479803,-80.68234058863489,0.3141085,0,5955.8706,-0.15797192,3,1,false,false,-12.183747,-9.225806,10.29011,2.0986922,-0.27484098,3
43.4218,0.1771367,35.35187547739336,-80.68233288726695,0.3142845,0,5936.0566,-0.16643405,3,1,false,false,-12.650062,-9.881632,11.874132,2.0942185,-0.26264268,3
43.253723,0.17733854,35.35187709976522,-80.68232518606689,0.31496164,0,5920.18,-0.18015063,3,1,false,false,-13.368487,-10.04978,12.8815,2.0898123,-0.2630208,3
43.09108,0.17753966,35.351878631913614,-80.68231748486683,0.3169174,0,5909.186,-0.19707717,3,1,false,false,-13.5331135,-9.695254,13.446277,2.0853822,-0.26702636,3
42.9373,0.17773992,35.35188025456055,-80.68230978366677,0.31793892,0,5888.423,-0.21254554,3,1,false,false,-12.74547,-9.020066,11.287004,2.0808282,-0.2729764,3
42.78568,0.17793943,35.35188169648549,-80.68230219242389,0.31989267,0,5851.9775,-0.23195583,3,1,false,false,-12.93573,-9.370982,11.352712,2.0762527,-0.2704514,3
42.627666,0.17813824,35.35188322890897,-80.68229460118103,0.3207149,0,5825.7876,-0.24815555,3,1,false,false,-13.421328,-9.761267,12.156559,2.0717359,-0.2701757,3
42.46095,0.17833634,35.35188458088552,-80.68228700993815,0.3223492,0,5820.5225,-0.25808024,3,1,false,false,-13.161668,-10.066416,12.7758,2.0671568,-0.27661178,3
42.300163,0.17853363,35.35188602308553,-80.68227941869527,0.32372683,0,5812.214,-0.2633347,3,1,false,false,-12.7877655,-9.413642,11.184608,2.0624788,-0.28391206,3
42.148827,0.17873016,35.35188737506208,-80.68227182762028,0.32527432,0,5777.5293,-0.26508653,3,1,false,false,-12.030605,-9.026531,10.524793,2.0576093,-0.29803264,3
41.997944,0.178926,35.351888727038634,-80.6822642363774,0.32528824,0,5729.5317,-0.2647944,3,1,false,false,-12.210118,-9.366101,10.723689,2.0525262,-0.3080875,3
41.836494,0.17912112,35.35188998906679,-80.68225675509173,0.32559267,0,5704.779,-0.26333463,3,1,false,false,-12.35476,-9.840541,11.5159,2.0472941,-0.31666768,3
41.672043,0.17931554,35.351891251094955,-80.68224927397391,0.3269932,0,5706.6387,-0.26216704,3,1,false,false,-12.227084,-10.0058365,10.866668,2.0419629,-0.32105705,3
41.51375,0.17950916,35.35189242262459,-80.68224179268823,0.32677105,0,5695.106,-0.26129186,3,1,false,false,-11.480137,-9.203215,10.752611,2.0366144,-0.3173135,3
41.36123,0.17970207,35.351893594429285,-80.68223431157043,0.32580048,0,5655.9297,-0.26187485,3,1,false,false,-11.938481,-9.170172,10.462738,2.0312893,-0.3216808,3
41.20724,0.17989427,35.35189476623399,-80.68222683028473,0.3250115,0,5615.1606,-0.26333475,3,1,false,false,-12.333505,-9.374028,11.072561,2.0258977,-0.32268158,3
41.04956,0.18008575,35.35189584781523,-80.68221945912411,0.3244446,0,5599.8447,-0.26508653,3,1,false,false,-12.053708,-9.555822,10.617142,2.0205193,-0.3210306,3
40.89405,0.18027662,35.351896929396474,-80.68221208796349,0.32204676,0,5594.744,-0.2665457,3,1,false,false,-11.60211,-9.207066,10.276331,2.015177,-0.319413,3
40.739952,0.18046671,35.351898011252786,-80.68220471680287,0.31970102,0,5567.182,-0.26771343,3,1,false,false,-12.069079,-9.155174,10.227298,2.0098479,-0.3203468,3
40.592587,0.18065608,35.351899002610566,-80.68219734564225,0.31458238,0,5530.396,-0.26931924,3,1,false,false,-11.911086,-8.892934,10.141123,2.0044928,-0.32205838,3
40.437546,0.18084472,35.351899993968345,-80.68218997448163,0.3089672,0,5504.2827,-0.27092505,3,1,false,false,-12.531617,-9.403212,11.051634,1.9990593,-0.33146954,3
40.282005,0.18103282,35.35190089537774,-80.6821827132782,0.30415797,0,5493.033,-0.2735521,3,1,false,false,-12.65994,-9.323398,11.191178,1.9934126,-0.34532335,3
40.12626,0.18122019,35.35190179678713,-80.68217534211757,0.29938325,0,5476.351,-0.27734667,3,1,false,false,-13.330599,-9.220258,11.323698,1.9874725,-0.36481157,3
39.979572,0.1814068,35.35190269819652,-80.68216808091415,0.29723564,0,5452.4414,-0.28376937,3,1,false,false,-13.359797,-8.60686,11.445112,1.9812316,-0.3795611,3
39.834034,0.1815927,35.35190350938245,-80.68216081971072,0.2954361,0,5424.7295,-0.29267418,3,1,false,false,-14.394428,-8.776277,11.708977,1.9747559,-0.39129984,3
39.688175,0.18177803,35.35190432056838,-80.68215366863235,0.29496783,0,5410.7974,-0.3014323,3,1,false,false,-14.225098,-8.672013,11.308085,1.9681851,-0.38958666,3
39.551888,0.18196283,35.35190504180593,-80.68214640742892,0.29351375,0.75,5728.5405,-0.31077516,0,1,false,false,-14.916533,-7.7205777,11.768845,1.9617497,-0.37988535,3
39.421253,0.18214697,35.351905762768396,-80.68213925635054,0.2902329,0.33333337,6189.463,-0.31661487,0,1,false,false,-14.8949,-7.823129,11.049404,1.955468,-0.37101945,3
39.289684,0.18233044,35.351906483730865,-80.6821321051043,0.28419667,0,6097.367,-0.3205561,2,1,false,false,-14.45752,-7.769473,10.84189,1.9493762,-0.35807508,3
39.1351,0.18251327,35.35190711474495,-80.68212495402594,0.26908886,0,6214.7354,-0.32201648,2,1,false,false,-12.3074665,-11.4421,10.228926,1.9435418,-0.34255463,3
38.91598,0.1826955,35.35190765553557,-80.68211780294756,0.24143645,0,6532.3184,-0.32318413,2,1,false,false,-10.982236,-13.528521,9.945503,1.9378672,-0.34653917,3
38.70938,0.18287666,35.35190828654965,-80.68211076182638,0.20413163,0,6615.4937,-0.32464403,2,1,false,false,-13.416593,-10.899545,10.345906,1.9318793,-0.37884492,3
38.56864,0.18305694,35.35190873711681,-80.68210361058014,0.15948969,0,6515.988,-0.32727146,2,1,false,false,-14.375772,-6.6062655,10.050357,1.9251947,-0.42389226,3
38.48497,0.18323667,35.351909278182504,-80.68209656945896,0.11950095,0,6439.199,-0.33165205,2,1,false,false,-13.598241,-5.07996,9.760428,1.9177788,-0.45674855,3
38.389793,0.18341611,35.35190972874966,-80.68208963829497,0.0795857,0.03512749,6412.1147,-0.3392435,2,1,false,false,-14.342917,-5.6383934,9.953135,1.9101156,-0.45643443,3
38.29641,0.18359531,35.35191017931682,-80.68208259717379,0.053425528,0.08412713,6460.9146,-0.34639695,2,1,false,false,-15.32247,-5.425013,11.256951,1.9025605,-0.4468664,3
38.210026,0.18377404,35.351910539935595,-80.68207555605261,0.02927639,0.15210086,6545.0156,-0.35296747,2,1,false,false,-16.00727,-4.5251284,10.9433,1.8951881,-0.4337607,3
38.147755,0.18395235,35.3519108103309,-80.68206862505649,0.013594145,0.21931934,6603.9727,-0.35559544,2,1,false,false,-15.464661,-2.9164166,9.785442,1.8881203,-0.41171017,3
38.117985,0.1841304,35.35191117094967,-80.68206158393531,0.0047329897,0.27352875,6653.3506,-0.35530347,2,1,false,false,-15.17436,-1.2090799,9.449725,1.8813931,-0.39407203,3
38.088657,0.18430859,35.35191144134498,-80.68205465277131,-3.4924597e-10,0.32248214,6740.59,-0.35384303,2,1,false,false,-14.824353,-1.5935843,9.911562,1.8750669,-0.36304483,3
38.06124,0.1844867,35.351911621516834,-80.68204761165013,0,0.34601873,6849.6646,-0.3520912,2,1,false,false,-15.806385,-1.3550302,10.725532,1.869296,-0.3334072,3
38.052837,0.18466467,35.35191180196375,-80.68204068048614,0,0.35349417,6791.814,-0.35165364,2,1,false,false,-16.995583,1.2579595,11.910255,1.8637903,-0.33835927,3
38.105816,0.18484268,35.351911982135604,-80.68203374949002,0,0.34708217,6557.243,-0.3550114,2,1,false,false,-15.257725,3.9089031,12.319607,1.8576907,-0.392164,3
38.151928,0.18502094,35.35191207235906,-80.68202670836884,0,0.33579957,6426.3813,-0.3611436,2,1,false,false,-13.466959,1.8554736,8.991518,1.8510201,-0.39742693,3
38.162373,0.18519948,35.35191207235906,-80.68201966707979,0,0.3182897,6449.781,-0.3709262,2,1,false,false,-12.888319,-0.4244405,7.64662,1.8446071,-0.36267158,3
38.140068,0.1853779,35.35191216230746,-80.68201273608366,0,0.29638714,6523.372,-0.3791031,2,1,false,false,-13.072376,-1.2140125,8.37196,1.8390206,-0.30574104,3
38.12108,0.18555613,35.35191216230746,-80.68200569496248,0,0.26722467,6565.674,-0.38669628,2,1,false,false,-15.331556,-0.8270682,11.09562,1.8343346,-0.26450017,3
38.110443,0.18573426,35.35191207235906,-80.68199876379849,0,0.24311784,6538.1143,-0.39969292,2,1,false,false,-12.88538,-0.3448937,9.728887,1.8301071,-0.2582321,3
38.11287,0.18591212,35.351911982135604,-80.68199172267731,0,0.21560466,6499.119,-0.41999117,2,1,false,false,-13.729738,0.2340202,9.201425,1.8255572,-0.29194424,3
38.10547,0.18608952,35.351911891912145,-80.68198479151333,0,0.19336292,6473.1504,-0.4392684,2,1,false,false,-13.872345,-0.9793285,9.432507,1.8204395,-0.31938556,3
38.086266,0.18626678,35.35191180196375,-80.68197775039215,0,0.17187646,6464.7744,-0.45927855,2,1,false,false,-13.06694,-1.1534972,9.924047,1.8150396,-0.3292645,3
38.06585,0.18644387,35.351911621516834,-80.68197081939603,0,0.1548599,6456.242,-0.47432232,2,1,false,false,-13.728551,-1.2721361,10.235866,1.8094108,-0.34890223,3
38.04394,0.18662083,35.35191135112152,-80.68196377827485,0,0.13625574,6433.9136,-0.48776096,2,1,false,false,-13.850879,-1.3161656,9.521073,1.8034031,-0.3707219,3
38.02243,0.18679735,35.35191108072621,-80.68195684711085,0,0.119424164,6397.8794,-0.49550307,2,1,false,false,-14.252033,-1.2581049,9.606601,1.7970842,-0.38696697,3
38.001385,0.18697354,35.3519108103309,-80.68194991594686,0,0.09827678,6347.956,-0.50280654,2,1,false,false,-14.509828,-1.2632645,10.392698,1.7904494,-0.40961698,3
37.978916,0.18714957,35.351910539935595,-80.68194298495074,0,0.08178426,6285.0044,-0.5086501,2,1,false,false,-15.516148,-1.3900768,11.577356,1.7834222,-0.43011236,3
37.954548,0.18732542,35.35191017931682,-80.68193594382956,0,0.065091416,6216.6523,-0.5174149,2,1,false,false,-15.839528,-1.5159448,11.334955,1.7760998,-0.4449543,3
37.902115,0.18750109,35.35190972874966,-80.68192901266556,0,0.050910946,6301.3945,-0.5282254,2,1,false,false,-15.116117,-4.6844196,10.652374,1.7686541,-0.44400823,3
37.81124,0.18767604,35.351909278182504,-80.68192208150158,0,0.036314346,6455.454,-0.54502696,2,1,false,false,-16.420816,-5.392832,11.383248,1.7612851,-0.4413816,3
37.73348,0.18785049,35.35190882734027,-80.68191526046265,0,0.025771469,6524.9365,-0.5608066,2,1,false,false,-17.197218,-3.8669558,11.56765,1.7538341,-0.45235887,3
37.68102,0.1880246,35.35190828654965,-80.68190832929865,0,0.01593763,6482.3726,-0.5814081,2,1,false,false,-16.553768,-2.423853,10.711129,1.746217,-0.45805424,3
37.651318,0.18819849,35.35190774575903,-80.68190150825973,0,0.008030474,6400.7456,-0.6001125,2,1,false,false,-15.528185,-1.8614916,9.876715,1.7385385,-0.4611889,3
37.61193,0.18837215,35.35190711474495,-80.68189457709573,0,-6.9849193e-10,6337.383,-0.6233483,2,1,false,false,-15.409214,-2.5776834,9.614013,1.7308886,-0.4557825,3
37.55868,0.18854535,35.351906483730865,-80.68188775605681,0,0,6333.7725,-0.6448315,2,1,false,false,-15.903056,-3.5212598,9.860462,1.7234284,-0.4409459,3
37.495342,0.18871821,35.351905762768396,-80.68188093501787,0,0,6364.81,-0.6613473,2,1,false,false,-15.168138,-3.7260594,9.031943,1.7162317,-0.42895982,3
37.43501,0.18889071,35.35190504180593,-80.68187411381108,0,0,6384.8535,-0.67947197,2,1,false,false,-14.350206,-3.3751173,8.391609,1.7091452,-0.42912605,3
37.38306,0.18906295,35.35190432056838,-80.68186729277214,0,0,6371.894,-0.6936509,2,1,false,false,-15.185492,-2.845826,8.930344,1.7019153,-0.445983,3
37.337074,0.18923487,35.35190350938245,-80.6818605816904,0,0,6340.691,-0.7106079,2,1,false,false,-15.914426,-2.6391857,9.658964,1.6942588,-0.4781595,3
37.288593,0.18940642,35.35190269819652,-80.68185376065148,0,0,6318.043,-0.72566473,2,1,false,false,-15.838579,-2.9737422,9.300693,1.6860064,-0.509772,3
37.234745,0.18957768,35.35190179678713,-80.68184704956974,0,0,6313.4272,-0.74160063,2,1,false,false,-14.978715,-3.2586744,8.634896,1.6773717,-0.52280414,3
37.177574,0.18974863,35.35190089537774,-80.68184033848799,0.0006880764,0,6317.109,-0.75242025,2,1,false,false,-15.059921,-3.3276615,8.825167,1.6686758,-0.519451,3
37.12025,0.1899193,35.351899993968345,-80.68183362740625,0.0044531533,0,6314.7686,-0.7595838,2,1,false,false,-16.274885,-3.2532656,9.679398,1.6600819,-0.5128492,3
37.06327,0.19008964,35.351899002610566,-80.68182691632451,0.0060127126,0,6301.3193,-0.7609005,2,1,false,false,-17.04757,-3.2302034,10.131463,1.6516328,-0.50161874,3
37.007774,0.19025967,35.351898011252786,-80.68182020524277,0.00689618,0,6282.1523,-0.76016897,2,1,false,false,-16.435307,-3.1164372,9.383038,1.6434327,-0.48659724,3
36.952538,0.19042936,35.351896929396474,-80.68181360411822,0.007144304,0,6267.146,-0.75973046,2,1,false,false,-16.402315,-3.179177,8.997039,1.635438,-0.48029554,3
36.895294,0.19059879,35.35189584781523,-80.68180689303648,0.0073572565,0,6259.8745,-0.76075387,2,1,false,false,-16.713356,-3.313733,9.248809,1.627435,-0.48604062,3
36.836273,0.19076793,35.35189467601053,-80.6818002920798,0.0074638375,0,6257.0103,-0.7632392,2,1,false,false,-15.473366,-3.4001157,9.267481,1.6193016,-0.49017853,3
36.77752,0.19093679,35.3518935044809,-80.68179369095525,0.007296393,0,6253.062,-0.76645595,2,1,false,false,-15.335793,-3.3257957,7.929195,1.6111896,-0.4858336,3
36.721542,0.19110535,35.351892242452735,-80.68178708983069,0.007200047,0,6242.977,-0.7706966,2,1,false,false,-14.552251,-3.1372552,7.089503,1.6031792,-0.47696307,3
36.6676,0.1912736,35.35189098042457,-80.68178059883121,0.0071037617,0,6228.019,-0.77420586,2,1,false,false,-16.206026,-3.0683608,8.724737,1.5953089,-0.47558618,3
36.61175,0.19144158,35.35188971867148,-80.68177399787453,0.0069214734,0,6212.2837,-0.7794694,2,1,false,false,-16.904,-3.2553427,11.033876,1.5872153,-0.49701738,3
36.553177,0.19160928,35.35188836669493,-80.68176750670716,0.006714079,0,6202.343,-0.7886814,2,1,false,false,-16.02091,-3.394932,10.9527645,1.5787926,-0.5097283,3
36.492622,0.19177677,35.35188701471838,-80.68176101570768,0.0063403575,0,6197.9043,-0.7987714,2,1,false,false,-17.707476,-3.4752183,11.032732,1.5702504,-0.5141078,3
36.432373,0.19194399,35.351885662466756,-80.68175463466538,0.0061184964,0,6194.01,-0.81105435,2,1,false,false,-17.838827,-3.3862667,10.726441,1.5615478,-0.5245097,3
36.37075,0.19211088,35.35188413031835,-80.68174814366589,0.006698915,0,6184.257,-0.8190976,2,1,false,false,-17.411627,-3.4815638,11.208834,1.552784,-0.5185176,3
36.30919,0.19227748,35.351882688118344,-80.68174176262359,0.006471579,0,6166.8345,-0.8262642,2,1,false,false,-17.563564,-3.3546188,11.545149,1.5442489,-0.5023301,3
36.24926,0.19244382,35.35188115569487,-80.68173538158129,0.006982207,0,6150.474,-0.8296273,2,1,false,false,-16.547232,-3.317564,10.540681,1.536012,-0.4822263,3
36.18702,0.19261,35.351879623546466,-80.681729000539,0.0071797865,0,6139.6694,-0.83079755,2,1,false,false,-17.094755,-3.4906993,10.198447,1.528212,-0.45460188,3
36.124714,0.19277589,35.351878001174605,-80.68172261966455,0.007600936,0,6131.729,-0.8305049,2,1,false,false,-17.264406,-3.4002023,9.969661,1.5208212,-0.43845424,3
36.064594,0.19294149,35.35187637852768,-80.68171634857946,0.00801288,0,6124.571,-0.8307973,2,1,false,false,-17.067276,-3.299213,9.758708,1.5135604,-0.43905738,3
36.006065,0.19310682,35.35187466593235,-80.68171007749434,0.008926462,0,6116.302,-0.8316747,2,1,false,false,-16.417007,-3.2573307,8.997366,1.5061914,-0.44843793,3
35.949444,0.19327188,35.35187295333703,-80.6817038065771,0.009464467,0,6106.485,-0.8356233,2,1,false,false,-15.834546,-3.1935205,8.783116,1.4986415,-0.4609007,3
35.8927,0.19343686,35.351871150793315,-80.68169764561705,0.009561994,0,6097.49,-0.84030324,2,1,false,false,-15.789652,-3.2711563,8.746976,1.4908686,-0.47229722,3
35.8359,0.19360162,35.351869347974535,-80.68169137453194,0.009485003,0,6087.925,-0.8465924,2,1,false,false,-15.60642,-3.1890705,9.027603,1.482923,-0.48411113,3
35.779976,0.19376612,35.35186754543082,-80.6816852135719,0.009192718,0,6075.433,-0.8518573,2,1,false,false,-15.881652,-3.1641557,8.703608,1.4747564,-0.49643284,3
35.724976,0.19393034,35.35186565238858,-80.68167905261184,0.009238839,0,6062.987,-0.85492915,2,1,false,false,-15.659931,-3.1059942,8.8478,1.4664071,-0.50601566,3
35.66833,0.1940943,35.35186375962141,-80.68167300160898,0.009397769,0,6053.0693,-0.8568304,2,1,false,false,-16.30015,-3.1858518,9.629917,1.4579408,-0.5103715,3
35.610775,0.19425826,35.351861866854236,-80.68166684064893,0.009131244,0,6046.394,-0.8566846,2,1,false,false,-17.05021,-3.242557,9.785472,1.4494201,-0.51276296,3
35.552002,0.19442202,35.351859883863604,-80.68166078964607,0.009264465,0,6039.89,-0.855514,2,1,false,false,-17.218298,-3.271531,9.718552,1.4408811,-0.5113419,3
35.49399,0.19458549,35.35185790087297,-80.68165473864322,0.008957164,0,6031.0825,-0.8541979,2,1,false,false,-17.33603,-3.189449,9.812157,1.4324077,-0.50648004,3
35.43657,0.1947487,35.35185582765887,-80.68164879776542,0.008813942,0,6020.308,-0.85332,2,1,false,false,-17.527353,-3.15567,9.940569,1.4239732,-0.50736976,3
35.37923,0.19491166,35.351853754719855,-80.68164274676255,0.008650371,0,6009.883,-0.8537589,2,1,false,false,-17.637465,-3.1904197,10.167193,1.4155037,-0.5085569,3
35.32157,0.19507465,35.351851681505764,-80.68163680588476,0.008527805,0,6001.158,-0.855514,2,1,false,false,-17.619202,-3.197246,9.677783,1.4070617,-0.5037921,3
35.26434,0.19523753,35.35184951834328,-80.68163097496415,0.008257422,0,5992.4316,-0.8580006,2,1,false,false,-17.685656,-3.1421952,9.558364,1.3986986,-0.5007752,3
35.207832,0.19540016,35.351847264957335,-80.68162503391848,0.008094361,0,5982.424,-0.86019456,2,1,false,false,-17.79852,-3.1226008,10.107846,1.3903501,-0.50119853,3
35.15072,0.19556253,35.35184510151978,-80.68161920299787,0.007677152,0,5971.8667,-0.8632661,2,1,false,false,-17.83329,-3.1736133,9.9998865,1.3819703,-0.5031967,3
35.09361,0.19572464,35.35184275818545,-80.68161337207727,0.008023053,0.0016646683,5962.2466,-0.8656062,2,1,false,false,-18.008175,-3.1712031,10.319979,1.3736115,-0.5008166,3
35.036392,0.19588655,35.351840504799505,-80.68160765111384,0.007453665,0.027343633,5958.155,-0.8682394,2,1,false,false,-18.633812,-3.1764712,10.744053,1.3651905,-0.5108693,3
34.979603,0.19604822,35.3518381611901,-80.68160182019324,0.0071189683,0.054671854,5966.673,-0.8682393,2,1,false,false,-18.234142,-3.117332,10.3860035,1.3565724,-0.51906323,3
34.926243,0.19620961,35.351835727632306,-80.68159609939768,0.0070885583,0.09420758,5983.906,-0.8648747,2,1,false,false,-17.489582,-2.820984,9.668548,1.3479557,-0.5100341,3
34.882057,0.19637078,35.3518333840229,-80.68159048839145,0.0071645603,0.13563922,5998.0674,-0.85668445,2,1,false,false,-17.348415,-2.1230707,9.1160755,1.3395866,-0.49349624,3
34.847576,0.19653185,35.35183086024165,-80.68158476742803,0.007352182,0.1828663,5995.5273,-0.8432284,2,1,false,false,-16.746126,-1.6315091,9.690445,1.3314812,-0.47795078,3
34.817314,0.19669253,35.35182842668386,-80.68157915658968,0.006724209,0.24493665,6031.809,-0.8217304,2,1,false,false,-17.332205,-1.6605263,10.0998335,1.3236638,-0.46018374,3
34.785522,0.19685254,35.351825902902604,-80.6815736557085,0.006830412,0.3333333,6145.3364,-0.7816631,2,1,false,false,-18.2807,-1.6957166,10.739186,1.3161408,-0.44799986,3
34.753193,0.19701241,35.35182328889789,-80.68156804487015,0.006845574,0.401045,6320.9614,-0.73560643,2,1,false,false,-20.079126,-1.7077608,12.29735,1.3084804,-0.47843388,3
34.7317,0.19717215,35.351820674893176,-80.68156254398899,0.006870865,0.4633311,6404.3345,-0.66383225,2,1,false,false,-20.325827,0.073832214,13.336216,1.3000436,-0.5317471,3
34.78059,0.19733198,35.35181806088846,-80.68155704310782,0.0070733735,0.50220406,6197.299,-0.5922222,2,1,false,false,-16.751133,4.699101,11.627837,1.2905718,-0.59614426,3
34.858242,0.19749212,35.35181535693536,-80.68155154222664,0.006941731,0.5383181,6048.075,-0.48410907,2,1,false,false,-15.824307,4.260868,9.915185,1.2802964,-0.6146814,3
34.908546,0.19765207,35.351812652982254,-80.68154615130267,0.0067242095,0.5536546,6028.865,-0.39852414,2,1,false,false,-15.070716,2.564808,9.200153,1.2702833,-0.56638736,3
34.93648,0.1978122,35.35180985853062,-80.6815406504215,0.006789934,0.5616543,6088.984,-0.30318424,2,1,false,false,-15.082353,1.3549004,8.846266,1.2617198,-0.44796363,3
34.961742,0.19797248,35.351807064354055,-80.68153525949752,0.0067090243,0.56405854,6134.9473,-0.2407123,2,1,false,false,-14.280807,2.3026552,9.304453,1.2554505,-0.31120872,3
35.009586,0.19813295,35.3518041802291,-80.6815298687414,0.0066786986,0.5636581,6106.503,-0.19882849,2,1,false,false,-14.359582,3.2102985,9.258487,1.2511889,-0.22456492,3
35.06003,0.19829372,35.351801295829084,-80.68152447781743,0.005434461,0.5551804,6056.127,-0.1998501,2,1,false,false,-13.906567,3.2345474,10.717313,1.2476413,-0.21850468,3
35.11077,0.19845442,35.35179841142906,-80.68151919701852,0.0041637965,0.53856474,6053.2446,-0.24071224,2,1,false,false,-13.032605,2.805961,10.157765,1.2439797,-0.2297266,3
35.152153,0.19861531,35.351795437080646,-80.68151380609453,0.003169494,0.52392197,6105.0117,-0.29851332,2,1,false,false,-12.883854,2.2626295,9.524357,1.2399675,-0.2551147,3
35.190083,0.19877638,35.351792462457155,-80.68150852529561,0.0024816918,0.5064274,6155.7437,-0.3818778,2,1,false,false,-12.303573,2.253344,9.044748,1.2354733,-0.2820297,3
35.234196,0.19893768,35.35178948810874,-80.68150313437164,0.0015801771,0.4821973,6148.8765,-0.46804178,2,1,false,false,-12.483412,2.7361176,9.183059,1.2305683,-0.301939,3
35.284817,0.19909927,35.35178642353687,-80.68149785357272,0.0012169012,0.4594007,6093.4863,-0.53553075,2,1,false,false,-13.750249,2.9193203,10.511902,1.2253535,-0.3181595,3
35.32916,0.19926095,35.351783358964994,-80.6814925727738,0.001516304,0.43216503,6041.4717,-0.6004045,2,1,false,false,-14.001486,2.2775168,11.221693,1.2199469,-0.32552162,3
35.360348,0.19942276,35.35178029411805,-80.68148729197489,0.0010257444,0.41035488,6031.7725,-0.6439544,2,1,false,false,-14.74791,1.3404403,11.00532,1.2145205,-0.32224005,3
35.37746,0.1995847,35.351777139597786,-80.68148212113316,0.001319903,0.39597392,6057.58,-0.667925,2,1,false,false,-14.633644,0.6618904,10.533397,1.2091786,-0.31842342,3
35.389908,0.19974671,35.351773984802456,-80.68147684016637,0.0017423984,0.385724,6091.54,-0.68020284,2,1,false,false,-14.998721,0.5973374,10.961831,1.2038448,-0.32641888,3
35.403934,0.19990884,35.35177083000712,-80.68147166932464,0.002111655,0.3817318,6108.5195,-0.6804953,2,1,false,false,-14.377187,0.75272167,10.3594,1.1982145,-0.34827578,3
35.42135,0.20007107,35.351767585263396,-80.6814664984829,0.002763425,0.3826567,6105.968,-0.67757183,2,1,false,false,-13.477991,0.9227248,9.309712,1.1922936,-0.36323014,3
35.441742,0.20023337,35.3517643402446,-80.68146143776625,0.0029713032,0.38375103,6102.11,-0.67552555,2,1,false,false,-13.022687,1.0208834,8.885035,1.1860859,-0.38271916,3
35.460762,0.20039576,35.35176100527742,-80.68145626692451,0.0035963699,0.38772768,6108.589,-0.6778639,2,1,false,false,-13.1702795,0.8452462,8.711579,1.1795459,-0.40449926,3
35.47794,0.20055825,35.35175767031023,-80.68145120603998,0.0040641217,0.39565027,6124.682,-0.6845877,2,1,false,false,-13.146751,0.7979855,9.453993,1.1726247,-0.42464143,3
35.494896,0.20072082,35.351754335343045,-80.6814461453233,0.0041737794,0.39944205,6137.1924,-0.6929198,2,1,false,false,-13.00224,0.85085267,8.825827,1.1654819,-0.43443033,3
35.5152,0.2008836,35.35175100010079,-80.68144108443877,0.003999365,0.40049022,6141.6006,-0.70636827,2,1,false,false,-12.842115,1.0725944,8.964029,1.1581523,-0.4458209,3
35.536007,0.20104653,35.351747575185215,-80.6814360237221,0.00396948,0.40055186,6141.9736,-0.72098756,2,1,false,false,-13.023378,1.0210079,9.204767,1.1507015,-0.4502746,3
35.557125,0.2012095,35.35174414999457,-80.68143107296262,0.003914705,0.40012014,6143.0005,-0.7316593,2,1,false,false,-14.301232,1.0584801,10.1831,1.1431594,-0.45869142,3
35.57619,0.20137255,35.351740724803925,-80.68142612203528,0.0037007611,0.4004285,6145.1035,-0.73955375,2,1,false,false,-15.088431,0.94155806,10.693142,1.1354232,-0.47272572,3
35.59459,0.20153572,35.351737209389825,-80.6814211712758,0.0031645447,0.40115288,6151.419,-0.7449633,2,1,false,false,-15.707112,0.9396556,10.733987,1.127384,-0.49295732,3
35.611607,0.20169915,35.35173369425079,-80.68141622051633,0.0033629462,0.40283307,6160.9087,-0.74905676,2,1,false,false,-15.685476,0.8404889,10.1738615,1.1190364,-0.5081933,3
35.628483,0.20186275,35.35173017883668,-80.68141137971404,0.0029713034,0.40690213,6172.9673,-0.7554902,2,1,false,false,-15.349138,0.918846,10.08641,1.1104513,-0.52025956,3
35.646305,0.20202641,35.35172657347419,-80.68140642895456,0.0029168434,0.41023153,6184.021,-0.7642629,2,1,false,false,-16.105997,0.95074546,10.693071,1.1016994,-0.52760196,3
35.66446,0.2021901,35.351722968111694,-80.68140169810945,0.002812894,0.413006,6186.9043,-0.77990854,2,1,false,false,-16.02129,1.0219789,10.456297,1.0928684,-0.52785647,3
35.685154,0.20235391,35.3517193627492,-80.68139685747505,0.0030802863,0.41300595,6183.7456,-0.80125713,2,1,false,false,-15.957816,1.1707711,10.174539,1.0841783,-0.51316,3
35.706,0.202518,35.35171566716324,-80.68139212662994,0.002679356,0.41066313,6179.51,-0.8234856,2,1,false,false,-16.489061,1.2168784,10.093509,1.075726,-0.5017489,3
35.72484,0.20268238,35.35171197157729,-80.68138739595273,0.0030059677,0.40620852,6176.8145,-0.855514,2,1,false,false,-18.187677,0.9439448,11.187207,1.0673771,-0.50481254,3
35.739376,0.20284677,35.35170818576787,-80.68138266510762,0.0027238547,0.39649808,6174.5327,-0.8860844,2,1,false,false,-18.754374,0.8053409,12.181305,1.0587462,-0.52862924,3
35.750877,0.20301121,35.35170440023353,-80.68137804438759,0.0030951544,0.3819476,6172.9517,-0.9264587,2,1,false,false,-19.19968,0.5923959,12.295979,1.0497148,-0.5530379,3
35.75764,0.2031757,35.35170061442411,-80.68137342366755,0.0032736547,0.3674898,6177.6133,-0.96010864,2,1,false,false,-18.550018,0.31300923,11.451808,1.0402062,-0.58135223,3
35.76218,0.2033404,35.351696738666305,-80.68136880294752,0.0030703666,0.3489473,6190.3057,-0.9928843,2,1,false,false,-17.966053,0.22640318,10.526237,1.030278,-0.5932897,3
35.763294,0.20350538,35.3516928629085,-80.68136429218467,0.0031496766,0.3264589,6185.793,-1.0180541,2,1,false,false,-17.562778,0.060318917,9.946713,1.0205874,-0.5566176,3
35.765736,0.20367031,35.351688896927236,-80.68135978142182,0.0031001037,0.30463326,6157.5815,-1.0323963,2,1,false,false,-17.068924,0.20280248,9.676067,1.0117595,-0.50042784,3
35.765663,0.2038352,35.35168502116943,-80.68135538078403,0.002807945,0.27738208,6127.5005,-1.0457141,2,1,false,false,-17.183239,-0.06872922,10.695865,1.0038651,-0.45077524,3
35.756016,0.20400009,35.351681055188166,-80.68135097997838,0.0030109377,0.25740618,6112.7065,-1.0591793,2,1,false,false,-20.460508,-0.87355274,11.306058,0.996633,-0.43586263,3
35.739357,0.20416509,35.351676998983436,-80.68134657934058,0.0031843837,0.2394957,6118.5557,-1.0833297,2,1,false,false,-19.927235,-1.0418649,12.047233,0.9890809,-0.4776801,3
35.715435,0.20433033,35.351672943053785,-80.68134228865999,0.0028772312,0.22397426,6137.9805,-1.114363,2,1,false,false,-19.418465,-1.5531381,12.232323,0.9805035,-0.5521331,3
35.69228,0.20449537,35.351668886849055,-80.6813379979794,0.00288218,0.21227533,6161.0845,-1.1412992,2,1,false,false,-19.944378,-1.4505703,12.649514,0.97072625,-0.605365,3
35.66575,0.20466025,35.35166483064433,-80.68133381725599,0.00287723,0.20117763,6155.971,-1.167946,2,1,false,false,-18.642769,-1.6161392,11.466167,0.96039,-0.6176284,3
35.643047,0.20482503,35.351660684491215,-80.68132963670045,0.0028722822,0.19456515,6133.066,-1.1814173,2,1,false,false,-20.083603,-1.3180082,12.455997,0.9500561,-0.60912085,3
35.618103,0.20498979,35.3516565383381,-80.68132556593423,0.0023977486,0.19103548,6114.94,-1.1874207,2,1,false,false,-21.384045,-1.5528747,12.843805,0.9399263,-0.5981777,3
35.590233,0.20515463,35.35165230196152,-80.6813214953359,0.0024965177,0.19175994,6102.4336,-1.1884457,2,1,false,false,-22.216387,-1.6513407,13.852294,0.93009263,-0.5781551,3
35.55935,0.20531926,35.351648065584946,-80.68131753469473,0.0024965173,0.19280803,6095.4243,-1.1909349,2,1,false,false,-22.18062,-1.8874359,14.214947,0.9203603,-0.5831074,3
35.527515,0.20548368,35.35164382920837,-80.68131357405358,0.0023385296,0.19299304,6098.0225,-1.1969384,2,1,false,false,-21.374306,-1.9452606,12.625493,0.9105177,-0.592277,3
35.495163,0.20564798,35.351639592831795,-80.68130972336961,0.002368139,0.19307008,6108.36,-1.2057245,2,1,false,false,-22.186337,-1.9627111,14.108099,0.90053535,-0.60011625,3
35.462524,0.20581207,35.35163526623176,-80.68130587285351,0.0021905443,0.19257683,6110.9165,-1.2168536,2,1,false,false,-23.52812,-1.8185008,14.200746,0.8902458,-0.63046837,3
35.431602,0.20597582,35.35163084968333,-80.6813021322946,0.0022201322,0.19212982,6102.389,-1.2244692,2,1,false,false,-23.583391,-1.9358909,14.442468,0.87935674,-0.6598718,3
35.400444,0.20613936,35.3516265230833,-80.68129839156784,0.0021313669,0.19242275,6090.4497,-1.2276907,2,1,false,false,-23.215666,-1.8076664,14.051693,0.86814004,-0.6721247,3
35.369392,0.2063027,35.351622106534876,-80.68129476113398,0.002106727,0.1923765,6085.65,-1.2295942,2,1,false,false,-22.770588,-1.8037666,13.709442,0.85683733,-0.6729028,3
35.33754,0.2064659,35.35161768998645,-80.68129124048946,0.001776831,0.19098923,6084.996,-1.2312058,2,1,false,false,-22.087938,-1.7967775,13.509964,0.84570074,-0.64725304,3
35.305084,0.20662892,35.35161318321456,-80.6812877200128,0.001840788,0.1906656,6073.3457,-1.2335489,2,1,false,false,-25.789783,-1.9082913,15.341683,0.8350363,-0.63036305,3
35.274643,0.20679149,35.35160876639107,-80.68128430932546,0.0011335476,0.19041899,6051.2886,-1.2355993,2,1,false,false,-23.534246,-1.6133904,15.054146,0.8244606,-0.6250171,3
35.242973,0.20695388,35.351604169670786,-80.68128089880601,0.0011433616,0.18983325,6037.815,-1.237356,2,1,false,false,-23.568985,-1.8077391,15.28346,0.8141574,-0.6072026,3
35.208138,0.20711608,35.3515996628989,-80.68127759824372,0.0008494974,0.19069636,6038.6636,-1.240725,2,1,false,false,-23.591747,-2.0247042,14.77522,0.8040406,-0.60115147,3
35.173267,0.20727813,35.35159506590355,-80.68127440780651,0.0006782837,0.1905731,6048.7554,-1.2430682,2,1,false,false,-21.419657,-1.9713502,13.251284,0.7939732,-0.59660304,3
35.141476,0.20744003,35.351590468908206,-80.6812712173693,0.0004681732,0.19098929,6054.7705,-1.2454119,2,1,false,false,-22.466618,-1.7008282,13.369146,0.7840552,-0.5849062,3
35.11124,0.20760141,35.35158587218793,-80.68126802676422,0.0001169222,0.19012612,6039.625,-1.2470226,2,1,false,false,-20.70061,-1.6399218,12.310267,0.7743421,-0.57831156,3
35.085064,0.20776263,35.351581275192586,-80.68126505624139,0.00033149726,0.1914671,6022.7656,-1.2489268,2,1,false,false,-20.35193,-1.4838053,13.123917,0.7646946,-0.57349634,3
35.05789,0.2079237,35.351576588248854,-80.68126197576136,0.00030222454,0.19319335,6016.851,-1.2506835,2,1,false,false,-20.797306,-1.626531,12.841712,0.75507724,-0.5761793,3
35.02907,0.20808463,35.35157190103004,-80.68125911536359,0.00026808723,0.19538215,6014.6416,-1.2547851,2,1,false,false,-19.419394,-1.683188,12.658548,0.74538225,-0.58220446,3
35.000473,0.20824549,35.35156721408631,-80.68125614484075,-2.1827873e-11,0.19838771,6013.721,-1.2606432,2,1,false,false,-19.589094,-1.6079947,11.907465,0.7356967,-0.5760563,3
34.971886,0.20840581,35.35156243691911,-80.68125339440016,0,0.20285764,6011.6533,-1.2659163,2,1,false,false,-19.435394,-1.5224365,12.236811,0.7260267,-0.58163846,3
34.94425,0.20856598,35.35155774997538,-80.68125064395957,0,0.21475694,6012.8965,-1.270603,2,1,false,false,-20.79073,-1.6289213,13.315135,0.71618736,-0.59726065,3
34.916023,0.20872596,35.35155297280818,-80.681247893519,0,0.23280624,6018.832,-1.273093,2,1,false,false,-21.140211,-1.5111816,13.685008,0.7060564,-0.6149744,3
34.888397,0.20888583,35.35154819536591,-80.68124525320347,0,0.26995283,6035.3877,-1.2730931,2,1,false,false,-22.1917,-1.4689002,14.198202,0.6954921,-0.64900714,3
34.864567,0.20904563,35.351543418198716,-80.68124261272007,0,0.31585437,6062.734,-1.2719215,2,1,false,false,-21.433224,-1.1714721,13.311091,0.68434155,-0.67827314,3
34.848106,0.20920508,35.35153864103152,-80.68124019231894,0,0.38194758,6098.6997,-1.2700174,2,1,false,false,-20.31646,-0.5006943,12.951749,0.67292106,-0.68262327,3
34.844753,0.20936435,35.35153377391593,-80.6812376619606,0,0.43829963,6126.5083,-1.2685524,2,1,false,false,-20.219011,0.41654873,12.548837,0.6615489,-0.6737667,3
34.855488,0.20952363,35.351528906525274,-80.68123524155945,0,0.5036221,6131.8604,-1.2672349,2,1,false,false,-21.51565,1.3069483,13.517812,0.6503759,-0.6631211,3
34.879993,0.209683,35.35152403913462,-80.6812329311155,0,0.56390464,6123.5396,-1.2653308,2,1,false,false,-22.880508,2.0198832,14.485854,0.6393235,-0.66118824,3
34.911156,0.20984252,35.35151917201903,-80.68123073079661,0,0.612596,6116.1064,-1.2635726,2,1,false,false,-21.992496,2.5258968,13.906928,0.62816995,-0.6733902,3
34.94904,0.2100021,35.351514214404915,-80.68122842035265,0,0.65690994,6129.4473,-1.2621084,2,1,false,false,-20.871899,2.644561,12.873276,0.61692184,-0.6691845,3
34.989014,0.21016167,35.351509257065864,-80.68122633015882,0,0.69652283,6156.3325,-1.2624009,2,1,false,false,-19.880075,2.9050167,12.277586,0.60580975,-0.6569018,3
35.03266,0.21032146,35.35150429945175,-80.68122423979712,0,0.7222941,6184.395,-1.2626942,2,1,false,false,-19.711302,3.3074903,12.533953,0.5949921,-0.63531417,3
35.082287,0.21048146,35.3514993421127,-80.68122214943541,0,0.73800045,6199.7363,-1.2621083,2,1,false,false,-22.934134,3.6983206,13.981072,0.58439916,-0.63708985,3
35.140953,0.21064174,35.35149429455019,-80.6812201690309,0,0.7506087,6185.662,-1.2602043,2,1,false,false,-20.728708,4.0509396,13.111831,0.5737673,-0.63145554,3
35.198887,0.21080227,35.35148924698769,-80.68121829875145,0,0.7624928,6167.9375,-1.2577144,2,1,false,false,-18.292881,4.1171513,11.747274,0.5632562,-0.618667,3
35.254715,0.21096295,35.35148419942518,-80.681216428472,0,0.7738216,6193.1133,-1.2549312,2,1,false,false,-17.430954,3.612741,10.33951,0.5532319,-0.5794372,3
35.303173,0.2111239,35.35147915186268,-80.68121455819254,0,0.7878481,6246.4404,-1.24878,2,1,false,false,-16.500364,3.4551678,9.772259,0.54396755,-0.5305547,3
35.365486,0.21128511,35.35147401407671,-80.68121279787027,0,0.8003174,6286.797,-1.240286,2,1,false,false,-17.522226,4.49107,10.268388,0.53565025,-0.470403,3
35.432632,0.21144666,35.35146887629074,-80.68121103771588,0,0.81488335,6257.381,-1.2309133,2,1,false,false,-16.175804,4.919346,10.572717,0.5280729,-0.4450617,3
35.501476,0.21160862,35.351463738504776,-80.68120938735082,0,0.84480107,6227.4595,-1.2183183,2,1,false,false,-14.478984,3.9985673,8.684416,0.52072656,-0.44477504,3
35.55985,0.21177086,35.35145860099388,-80.68120773715361,0,0.87430245,6298.3955,-1.2019173,2,1,false,false,-14.7828865,3.8736095,8.637397,0.5132018,-0.45891473,3
35.614647,0.21193339,35.35145337298445,-80.6812061969136,0,0.9055767,6420.2925,-1.1679461,2,1,false,false,-14.213836,3.8424556,8.661785,0.5054378,-0.47253314,3
35.678734,0.21209621,35.35144823519848,-80.68120465667359,0,0.9278647,6460.831,-1.123732,2,1,false,false,-14.969494,4.718441,9.777092,0.49735144,-0.5038754,3
35.759773,0.21225946,35.35144300746413,-80.68120311643358,0,0.954638,6429.8525,-1.0503969,2,1,false,false,-13.807664,5.6133885,9.278877,0.48862422,-0.53912944,3
35.84278,0.21242315,35.3514377794547,-80.68120157619356,0,0.978791,6420.032,-0.9577672,2,1,false,false,-14.4521475,5.4372444,9.485111,0.4793758,-0.5670741,3
35.923534,0.21258739,35.35143246149688,-80.68120014591074,0,0.99528337,6398.4556,-0.87204194,2,1,false,false,-14.84301,5.2727966,9.34297,0.4699071,-0.5627611,3
35.992634,0.212752,35.35142723376252,-80.68119882575299,0,0.9999999,6417.0225,-0.7671871,2,1,false,false,-14.376305,4.717543,8.6826,0.4606827,-0.5398376,3
36.06553,0.212917,35.35142191580471,-80.68119739547015,0,1,6469.93,-0.6854652,2,1,false,false,-13.581915,5.043104,7.728335,0.45214218,-0.48398387,3
36.141144,0.21308237,35.35141659784689,-80.68119618526958,0,1,6475.3965,-0.5989435,2,1,false,false,-12.788624,5.5293255,8.098253,0.4444602,-0.44393954,3
36.223988,0.21324822,35.35141127988907,-80.68119486511182,0,1,6471.3853,-0.5413745,2,1,false,false,-12.772552,5.425102,8.707117,0.43733317,-0.41666237,3
36.296467,0.21341483,35.3514058717078,-80.68119365491125,0,1,6452.0547,-0.49141234,2,1,false,false,-15.038564,4.8400655,9.546083,0.4305193,-0.40912542,3
36.353012,0.2135818,35.351400553749976,-80.68119244471067,0,1,6533.216,-0.4645363,2,1,false,false,-15.978031,3.7226403,10.156211,0.4235741,-0.43227723,3
36.403214,0.21374899,35.3513951455687,-80.68119123451011,0,1,6673.2246,-0.4445267,2,1,false,false,-14.469676,3.8319688,9.726446,0.4160286,-0.47347912,3
36.466038,0.21391651,35.35138973738742,-80.68119013426673,0,1,6743.597,-0.43328097,2,1,false,false,-12.757139,4.815883,8.777015,0.4078655,-0.5001855,3
36.541,0.2140845,35.35138432920614,-80.6811891441484,0,1,6733.6133,-0.42510235,2,1,false,false,-12.681319,5.53964,8.43453,0.39935663,-0.5147813,3
36.63237,0.21425352,35.35137892102487,-80.68118804390502,0,1,6655.442,-0.41283542,2,1,false,false,-13.544519,6.3941517,8.817761,0.3909554,-0.48311237,3
36.725845,0.21442297,35.35137351311866,-80.6811870537867,0,1,6604.8467,-0.3982321,2,1,false,false,-15.293471,6.589008,10.308004,0.38340446,-0.41852435,3
36.815685,0.21459289,35.35136801471392,-80.68118617362556,0,1,6557.4165,-0.3802714,2,1,false,false,-17.061731,6.0121245,10.598591,0.37697598,-0.36204547,3
36.89838,0.21476325,35.35136251658425,-80.68118529346444,0,1,6521.0005,-0.36975858,2,1,false,false,-15.841379,5.8437643,11.303923,0.3709765,-0.36616123,3
36.97749,0.21493424,35.35135701817951,-80.6811844133033,0,1,6547.089,-0.36260352,2,1,false,false,-17.94238,5.246477,11.396443,0.3646611,-0.3944278,3
37.045555,0.21510626,35.351351520049846,-80.68118364326723,0,1,6563.2803,-0.3547192,2,1,false,false,-16.176905,4.666539,11.0450115,0.3578808,-0.41233012,3
37.106583,0.2152786,35.35134593169672,-80.68118287306329,0,1,6614.5303,-0.34595948,2,1,false,false,-15.5177145,4.259506,9.431608,0.35109732,-0.39765912,3
37.172558,0.21545127,35.35134043329198,-80.68118221298441,0,1,6685.251,-0.32960796,2,1,false,false,-14.836256,4.9643626,8.754514,0.3447153,-0.36381885,3
37.253967,0.21562432,35.351334844938854,-80.68118155290553,0,1,6687.9307,-0.31121325,2,1,false,false,-14.2388315,6.164512,8.86658,0.33893418,-0.3294496,3
37.35373,0.21579774,35.35132925658573,-80.68118089282665,0,1,6624.5073,-0.28844094,2,1,false,false,-15.397244,6.6740227,10.72688,0.33366135,-0.30830824,3
37.450428,0.21597147,35.3513236682326,-80.68118034270496,0,1,6507.6147,-0.2753034,2,1,false,false,-14.2970705,6.1187935,10.515406,0.32857332,-0.3041845,3
37.532738,0.21614568,35.351318079604404,-80.68117979258326,0,1,6523.551,-0.26815152,2,1,false,false,-15.913423,4.9524555,10.715596,0.3235701,-0.29422763,3
37.595364,0.21632025,35.351312401302884,-80.68117935258664,0,1,6648.144,-0.26625437,2,1,false,false,-14.700544,4.326667,10.298732,0.31878147,-0.2800907,3
37.66578,0.21649522,35.351306812674686,-80.68117891242214,0,1,6703.182,-0.2634807,2,1,false,false,-14.576073,5.3456764,10.3830385,0.3141527,-0.27729034,3
37.754665,0.21667042,35.351301134373166,-80.6811785823827,0,1,6685.054,-0.25895584,2,1,false,false,-13.690915,6.091836,9.941704,0.30948538,-0.28072688,3
37.851574,0.21684602,35.35129545579658,-80.68117825234326,0,1,6651.016,-0.25340945,2,1,false,false,-12.85581,6.355733,9.946246,0.30482593,-0.2747612,3
37.94807,0.21702214,35.351289777219996,-80.68117792230382,0,1,6638.8853,-0.24552858,2,1,false,false,-13.419965,6.064917,10.512659,0.3003616,-0.26068956,3
38.037144,0.21719876,35.351284098643404,-80.68117759226438,0,1,6642.456,-0.24056624,2,1,false,false,-11.991038,5.666107,9.540062,0.2961542,-0.24177065,3
38.124466,0.21737587,35.351278330118426,-80.68117737218212,0,1,6656.5664,-0.23662552,2,1,false,false,-11.986919,5.5969696,9.4505005,0.2923558,-0.21649559,3
38.21112,0.21755321,35.35127265154184,-80.68117726222494,0,1,6674.1562,-0.23443614,2,1,false,false,-11.369594,5.587501,9.659738,0.28885067,-0.20813227,3
38.29881,0.217731,35.35126688274179,-80.68117704214268,0,1,6691.1553,-0.23370656,2,1,false,false,-10.673908,5.633484,9.561768,0.2854243,-0.20416784,3
38.386314,0.21790925,35.35126111421681,-80.6811769321855,0,1,6704.666,-0.23297697,2,1,false,false,-10.7722435,5.458892,8.98434,0.28200376,-0.20891818,3
38.474125,0.21808803,35.35125534541677,-80.6811769321855,0,1,6718.9604,-0.23268484,2,1,false,false,-9.276788,5.576062,9.203296,0.2784445,-0.21901445,3
38.56265,0.21826722,35.35124957689179,-80.68117682222831,0,1,6739.1963,-0.23326904,2,1,false,false,-9.839116,5.6322327,9.839557,0.27473956,-0.2262639,3
38.65079,0.2184467,35.35124380809174,-80.68117682222831,0,1,6748.8413,-0.23385316,2,1,false,false,-9.468313,5.531012,9.694814,0.27089253,-0.23553602,3
38.74061,0.21862666,35.3512379493433,-80.68117682222831,0,1,6755.2524,-0.23502025,2,1,false,false,-9.283668,5.6913667,9.200259,0.26694426,-0.23574443,3
38.82891,0.21880713,35.35123218054325,-80.68117682222831,0,1,6762.0957,-0.23502028,2,1,false,false,-9.714506,5.504592,9.528499,0.26304755,-0.23329619,3
38.916096,0.21898809,35.35122632179481,-80.6811769321855,0,1,6773.477,-0.23502028,2,1,false,false,-9.030333,5.498024,9.18914,0.2591733,-0.23198381,3
39.003384,0.21916935,35.351220463046374,-80.68117704214268,0,1,6790.393,-0.23604193,2,1,false,false,-9.739263,5.421987,10.019399,0.25529692,-0.23330711,3
39.087612,0.21935102,35.35121460429794,-80.68117715226775,0,1,6802.089,-0.23910648,2,1,false,false,-9.403827,5.267708,9.144966,0.25142923,-0.23399182,3
39.172974,0.21953313,35.3512087455495,-80.68117726222494,0,1,6821.1504,-0.2458201,2,1,false,false,-9.331511,5.358247,9.339783,0.24746382,-0.24272728,3
39.257454,0.2197157,35.3512027965776,-80.68117748230719,0,1,6844.2373,-0.25413957,2,1,false,false,-9.2177305,5.201909,8.734941,0.24336213,-0.24844122,3
39.341408,0.2198987,35.351196937829165,-80.68117770238943,0,1,6860.1714,-0.26742148,2,1,false,false,-8.993928,5.4532967,8.297479,0.2392142,-0.24671131,3
39.42529,0.22008201,35.35119098885727,-80.68117792230382,0,1,6866.989,-0.28347784,2,1,false,false,-8.236414,5.2528872,7.5982213,0.23522727,-0.23240767,3
39.50999,0.22026575,35.35118512983376,-80.68117814238607,0,1,6874.878,-0.29734567,2,1,false,false,-9.517598,5.2921395,8.622574,0.23141241,-0.23002142,3
39.59329,0.22044994,35.35117918113693,-80.6811784724255,0,1,6890.083,-0.31471702,2,1,false,false,-10.515982,5.1890087,10.00966,0.22748715,-0.2451819,3
39.674515,0.22063455,35.35117323216503,-80.68117880246494,0,1,6909.289,-0.32887778,2,1,false,false,-10.41521,5.044429,9.689651,0.22317758,-0.27368176,3
39.752605,0.22081953,35.351167283193135,-80.68117913250438,0,1,6937.952,-0.3430392,2,1,false,false,-10.771406,4.7709723,9.048515,0.21837987,-0.30584353,3
39.83105,0.22100484,35.35116124399777,-80.6811795726689,0,1,6956.7095,-0.35063136,2,1,false,false,-8.985324,4.9484267,7.1489506,0.21309741,-0.3200153,3
39.907158,0.22119054,35.351155295025876,-80.68118001266552,0,1,6957.384,-0.3538431,2,1,false,false,-10.090516,4.6724143,7.204564,0.20785797,-0.3065841,3
39.97995,0.22137666,35.35114934632905,-80.68118045283002,0,1,6956.6626,-0.3510689,2,1,false,false,-10.222893,4.564414,7.6467404,0.20293057,-0.28379515,3
40.050335,0.22156315,35.35114330713369,-80.68118089282665,0,1,6957.0312,-0.34537533,2,1,false,false,-9.727805,4.554178,7.356896,0.19844314,-0.2575078,3
40.120186,0.22174993,35.35113735816179,-80.68118144294834,0,1,6958.763,-0.33997366,2,1,false,false,-9.047084,4.1627097,6.5988364,0.19434287,-0.24103002,3
40.183685,0.22193705,35.3511313192415,-80.68118199307004,0,1,6962.467,-0.3335498,2,1,false,false,-9.154787,3.9048355,7.2347846,0.19025604,-0.25300753,3
40.191185,0.22212441,35.35112528004615,-80.68118254302385,0,1,6829.4062,-0.32654178,0,1,false,false,-10.485399,-2.5812056,7.235712,0.18595836,-0.25738564,3
40.162506,0.2223117,35.351119240850785,-80.6811832032706,0,1,6430.31,-0.31909692,3,1,false,false,-11.363436,0.72699076,8.849535,0.18162562,-0.27427122,3
40.245663,0.22249915,35.35111329215396,-80.68118386334949,0,1,5854.21,-0.30610374,3,1,false,false,-9.881744,6.7203336,9.424277,0.1763035,-0.3735381,3
40.36919,0.22268711,35.3511072529586,-80.68118452342837,0,1,5723.4033,-0.29165253,3,1,false,false,-10.183672,7.7459073,9.849583,0.16924481,-0.4645916,3
40.45752,0.22287562,35.35110121376324,-80.68118518350725,0,1,5984.6733,-0.27165413,3,1,false,false,-14.151354,3.8166797,9.950163,0.16136426,-0.46157312,3
40.524048,0.22306447,35.351095084619494,-80.68118595371119,0,1,5854.415,-0.25195011,3,1,false,false,-13.63398,6.046827,10.85514,0.15420999,-0.39777705,3
40.640594,0.22325382,35.351089045699204,-80.68118672374726,0,1,5644.3726,-0.22480407,3,1,false,false,-14.4728985,7.1213684,11.775993,0.14799522,-0.35000986,3
40.72623,0.2234437,35.35108300650385,-80.6811876039084,0,1,5642.4585,-0.1963476,3,1,false,false,-16.087807,4.285582,11.383334,0.1425837,-0.29447806,3
40.777615,0.22363392,35.3510768773601,-80.68118848406952,0,1,5759.0576,-0.1747513,3,1,false,false,-14.74113,3.2912762,9.806536,0.13825397,-0.22681874,3
40.83577,0.2238244,35.35107083816474,-80.68118947418785,0,1,5820.456,-0.15724237,3,1,false,false,-11.87335,4.3060193,9.222229,0.13488041,-0.18473044,3
40.91081,0.22401522,35.35106470902099,-80.68119046430617,0,1,5799.561,-0.14163072,3,1,false,false,-10.030288,4.9141626,7.498428,0.13184075,-0.1791631,3
40.99333,0.2242066,35.35105866982563,-80.68119145459237,0,1,5785.281,-0.13404417,3,1,false,false,-10.711811,5.013361,8.689946,0.12876473,-0.19376843,3
41.06452,0.22439836,35.351052540681884,-80.68119244471067,0,1,5808.8613,-0.13156442,3,1,false,false,-8.692245,4.5508976,9.079478,0.12569249,-0.1794004,3
41.135567,0.22459048,35.351046411538135,-80.68119354478618,0,1,5843.5645,-0.13433626,3,1,false,false,-7.461448,4.1934166,4.6998267,0.12284764,-0.15295893,3
41.21006,0.22478297,35.351040282394386,-80.68119464502958,0,1,5849.7104,-0.14206883,3,1,false,false,-3.8342786,4.003645,6.636564,0.120368466,-0.1402963,3
41.295685,0.22497602,35.351034152975565,-80.68119574527296,0,1,5849.2397,-0.15388635,3,1,false,false,-10.762471,6.195188,13.050246,0.11822378,-0.12758751,3
41.367695,0.22516955,35.35102802383182,-80.68119695547352,0,1,5822.796,-0.16541296,3,1,false,false,-9.112977,4.987139,6.0338492,0.116199866,-0.112049244,3
41.43264,0.22536343,35.351021894688074,-80.68119805554903,0,1,5843.6646,-0.17927498,3,1,false,false,-3.5251124,3.6401353,6.4933476,0.11427541,-0.1096333,3
41.52371,0.22555766,35.351015765544325,-80.68119926574961,0,1,5922.636,-0.18948956,3,1,false,false,-7.931083,4.3302574,17.220316,0.11241967,-0.1254439,3
41.58514,0.22575235,35.35100954617712,-80.68120047595018,0,1,5909.6216,-0.1979528,3,1,false,false,-11.212755,6.674085,10.381891,0.11045672,-0.1182198,3
41.652912,0.22594765,35.35100341703337,-80.68120168615076,0,1,5894.5303,-0.20160086,3,1,false,false,-4.8193135,4.435607,6.2485347,0.1083812,-0.113026924,3
41.75582,0.22614332,35.35099719766616,-80.68120300630851,0,1,5914.915,-0.20203894,3,1,false,false,2.1813207,1.8821417,18.127888,0.10655708,-0.09792109,3
41.83496,0.22633934,35.35099106824734,-80.68120421650909,0,1,5896.051,-0.19911999,3,1,false,false,-9.229159,7.9730554,7.9139233,0.105236486,-0.06551394,3
41.884563,0.2265356,35.3509848491552,-80.68120553683472,0,1,5903.5605,-0.19736919,3,1,false,false,-3.806595,4.411063,1.5627873,0.10450152,-0.027349051,3
41.953213,0.22673155,35.350978629787996,-80.68120685699247,0,1,5923.505,-0.19882843,3,1,false,false,0.070662245,1.0545727,4.600361,0.10417162,-0.012945418,3
42.014862,0.22692767,35.35097241042079,-80.68120817715024,0,1,5965.33,-0.20203896,3,1,false,false,-3.7592833,4.2335835,8.976956,0.10404641,-0.019473126,3
42.034595,0.22712399,35.35096619105357,-80.68120949747588,0,1,6101.4863,-0.20451982,3,1,false,false,-3.7646093,1.9125352,1.4195747,0.10378119,-0.0295861,3
42.048485,0.22732039,35.350959971686365,-80.68121081763364,0,1,6304.941,-0.20583306,3,1,false,false,-4.4620767,-0.13912258,0.85254765,0.10290397,-0.08054872,3
42.08256,0.22751613,35.35095375231916,-80.6812121377914,0,1,6504.9478,-0.2046653,3,1,false,false,-1.76592,-0.76697177,6.5943613,0.10096042,-0.15214153,3
42.083973,0.22771181,35.35094753295195,-80.68121356807423,0,1,6608.71,-0.19868186,3,1,false,false,-6.8260436,-0.25143474,8.492639,0.09786771,-0.2265875,3
42.172943,0.22790761,35.35094131358474,-80.68121488823198,0,1,6830.013,-0.1810263,3,1,false,false,-5.2720766,10.783141,15.968001,0.093471766,-0.306134,3
42.35092,0.22810407,35.35093509421753,-80.6812163185148,0,1,6487.246,-0.15957665,3,1,false,false,-8.608155,10.541661,21.445768,0.088367626,-0.28469598,3
42.524742,0.22830127,35.35092878490193,-80.68121774879764,0,1,5887.448,-0.123540446,3,1,false,false,-10.616338,8.666363,17.184877,0.08446786,-0.18752517,3
42.612896,0.22849904,35.350922475311265,-80.68121917891258,0,1,5671.245,-0.08561194,3,1,false,false,-10.367216,1.7637594,12.281962,0.08242323,-0.065788835,3
42.63979,0.228697,35.35091625594406,-80.68122071915259,0,1,5787.1943,-0.042876184,3,1,false,false,-5.7936726,2.0607011,9.23976,0.08198369,0.0054848082,3
42.658443,0.22889507,35.35090994635339,-80.68122214943541,0,1,6083.142,-0.019979147,3,1,false,false,-2.1644228,0.934349,7.452008,0.08219832,0.02109727,3
42.69815,0.22909315,35.35090363703779,-80.68122368967542,0,1,6147.9907,-0.008604214,3,1,false,false,-2.727751,3.8657606,8.247298,0.08248074,0.007812913,3
42.77199,0.22929138,35.35089732744712,-80.68122522991544,0,1,6109.026,-0.009770804,3,1,false,false,-1.6360786,4.943264,7.1609774,0.08242412,-0.011558963,3
42.857258,0.22948995,35.35089101813152,-80.68122677015545,0,1,6128.606,-0.02143724,3,1,false,false,0.30173054,4.9990554,7.6200614,0.08210236,-0.023284663,3
42.949665,0.22968891,35.35088470854085,-80.68122831039547,0,1,6124.381,-0.03645853,3,1,false,false,-0.1968049,5.082284,10.589448,0.081644714,-0.031868733,3
43.042294,0.22988819,35.35087839895019,-80.68122985063548,0,1,6044.2964,-0.058481615,3,1,false,false,-3.9978442,6.114437,14.281933,0.081074744,-0.0445226,3
43.12482,0.23008773,35.350872089634585,-80.68123139087548,0,1,5994.276,-0.081381455,3,1,false,false,-1.4261763,4.9848046,9.698911,0.08029348,-0.05207496,3
43.196617,0.2302876,35.350865690095524,-80.68123304124056,0,1,6032.298,-0.10063721,3,1,false,false,-0.2832697,3.3935862,9.006961,0.07923667,-0.065358736,3
43.247055,0.2304877,35.35085938050486,-80.68123458148058,0,1,6076.2046,-0.11595449,3,1,false,false,-4.662776,1.9583662,10.439074,0.07809068,-0.08352657,3
43.31939,0.230688,35.3508529809658,-80.68123612172059,0,1,6119.9946,-0.12806298,3,1,false,false,-4.656619,5.307799,11.140345,0.07671466,-0.08158214,3
43.37458,0.23088844,35.35084658115167,-80.6812377719178,0,1,6120.67,-0.13287765,3,1,false,false,-1.562198,4.900581,7.1831484,0.07506006,-0.102304965,3
43.457428,0.23108922,35.35084018161261,-80.6812393121578,0,1,6128.964,-0.13346119,3,1,false,false,-3.2652607,2.1676865,10.2081785,0.07312177,-0.13062778,3
43.535816,0.2312903,35.35083378207355,-80.68124096252288,0,1,6170.7666,-0.12981376,3,1,false,false,-4.1700683,3.710447,6.3681846,0.07081814,-0.14008623,3
43.593697,0.23149164,35.3508273825345,-80.68124261272007,0,1,6240.8164,-0.123977944,3,1,false,false,-3.0936337,7.106259,6.265409,0.06818495,-0.16016798,3
43.654278,0.2316931,35.350820982720364,-80.68124426291728,0,1,6250.9116,-0.11712108,3,1,false,false,-4.202611,4.73269,6.1281037,0.065523766,-0.1686115,3
43.738167,0.23189494,35.350814583181304,-80.68124591328235,0,1,6179.8022,-0.11420379,3,1,false,false,-8.318339,1.6921703,10.438963,0.06287185,-0.17012851,3
43.790462,0.23209701,35.350808093418784,-80.68124767343674,0,1,6194.202,-0.113620214,3,1,false,false,-4.7852664,3.104623,7.685002,0.059607778,-0.21931502,3
43.84947,0.23229931,35.35080169387973,-80.68124932380182,0,1,6448.2563,-0.11478736,3,1,false,false,-9.485353,5.8259044,10.132266,0.055684753,-0.23912005,3
43.95078,0.2325019,35.3507952940656,-80.68125108412409,0,1,6411.811,-0.113328144,3,1,false,false,-12.367611,5.506111,13.815079,0.05203889,-0.19657074,3
44.07253,0.23270492,35.35078880457815,-80.68125284427848,0,1,6043.0938,-0.108222544,3,1,false,false,-7.440803,8.431863,14.8218155,0.04912189,-0.15857734,3
44.184612,0.23290858,35.35078231481563,-80.6812547147258,0,1,5950.677,-0.09947006,3,1,false,false,-8.100513,5.2033825,12.481527,0.046823356,-0.11664004,3
44.222267,0.23311256,35.3507759150015,-80.68125647488019,0,1,6110.316,-0.087800205,3,1,false,false,-9.104254,0.36708087,13.357328,0.04523212,-0.078813404,3
44.25309,0.23331656,35.35076942523898,-80.68125834515963,0,1,6283.1055,-0.07146293,3,1,false,false,-7.6519575,2.950991,11.5508795,0.04405745,-0.063486,3
44.31464,0.23352076,35.35076293547646,-80.68126021560697,0,1,6296.561,-0.05906517,3,1,false,false,-3.4190676,4.3185678,6.632333,0.043098204,-0.05004412,3
44.39719,0.2337253,35.35075644571394,-80.6812621958436,0,1,6201.439,-0.04827269,3,1,false,false,-2.5064986,5.182272,5.524678,0.042296622,-0.04898574,3
44.481102,0.23393022,35.35074995595143,-80.68126406612306,0,1,6209.214,-0.042438067,3,1,false,false,-3.2978048,4.8019466,10.771927,0.041390773,-0.058708858,3
44.54747,0.23413539,35.35074346618891,-80.68126593640251,0,1,6269.8154,-0.04214656,3,1,false,false,-3.125117,3.620271,10.34809,0.04036365,-0.064807326,3
44.61079,0.23434082,35.350736976701455,-80.68126791680703,0,1,6307.4805,-0.046376497,3,1,false,false,-1.9934487,3.706437,7.3372283,0.039226077,-0.07187431,3
44.68865,0.23454656,35.35073048693894,-80.68126989704366,0,1,6351.4834,-0.053960737,3,1,false,false,-2.2567878,5.3209486,9.287594,0.0380125,-0.0730402,3
44.773846,0.23475268,35.35072390695296,-80.68127176732312,0,1,6311.278,-0.06052385,3,1,false,false,-2.7142715,4.9632907,12.160312,0.03685142,-0.0657397,3
44.86146,0.23495914,35.35071741719044,-80.68127374772763,0,1,6209.8643,-0.067525074,3,1,false,false,-3.5640574,5.273648,13.693331,0.035828248,-0.05963204,3
44.9375,0.23516597,35.35071083720446,-80.68127572796428,0,1,6201.91,-0.0714629,3,1,false,false,-4.21126,3.9889865,13.898992,0.034839276,-0.060158003,3
44.993946,0.23537308,35.350704257493554,-80.6812777083688,0,1,6281.559,-0.072630085,3,1,false,false,-4.085202,3.2134416,12.080968,0.033805143,-0.0638765,3
45.051327,0.23558047,35.350697767731035,-80.6812797987305,0,1,6342.671,-0.07160896,3,1,false,false,-3.5927742,3.7797332,10.559756,0.032720506,-0.066130824,3
45.12212,0.2357881,35.350691187745056,-80.68128177896713,0,1,6330.288,-0.067525074,3,1,false,false,-3.008466,4.5572367,9.5543,0.031613305,-0.06533644,3
45.199974,0.23599608,35.35068460775908,-80.68128386932884,0,1,6296.301,-0.063878685,3,1,false,false,-2.906476,4.660245,10.527746,0.030547889,-0.06275251,3
45.27172,0.23620442,35.350678028048165,-80.68128584956548,0,1,6307.35,-0.060961388,3,1,false,false,-2.9459307,4.054822,9.824888,0.02948746,-0.064777754,3
45.336205,0.23641306,35.35067144806219,-80.68128793992719,0,1,6363.5273,-0.058627635,3,1,false,false,-2.9909594,3.822678,9.584445,0.028368104,-0.069978915,3
45.40133,0.23662199,35.35066477812782,-80.68129003028889,0,1,6404.2246,-0.05746048,3,1,false,false,-2.714076,4.0639324,8.809063,0.027158884,-0.07529467,3
45.47483,0.23683122,35.350658198141836,-80.6812921206506,0,1,6400.8057,-0.056439932,3,1,false,false,-2.5463474,4.625206,9.0964985,0.025906887,-0.07418461,3
45.55213,0.2370408,35.35065161843093,-80.6812942110123,0,1,6371.744,-0.05614843,3,1,false,false,-2.6772988,4.6063414,9.605719,0.024727164,-0.06716728,3
45.625225,0.23725076,35.35064494822149,-80.681296301374,0,1,6357.2085,-0.055710338,3,1,false,false,-2.8177273,4.2447467,9.542787,0.023675619,-0.058855373,3
45.69204,0.23746103,35.35063827828712,-80.68129839156784,0,1,6375.415,-0.055856932,3,1,false,false,-2.6279132,3.9506865,9.617817,0.022762066,-0.050757382,3
45.756775,0.23767161,35.35063169830114,-80.68130048192954,0,1,6405.665,-0.055564858,3,1,false,false,-2.5874937,3.9381845,9.190681,0.021935634,-0.04893534,3
45.823425,0.2378825,35.35062502836677,-80.68130268224843,0,1,6425.327,-0.05396072,3,1,false,false,-2.6379998,4.118487,8.708438,0.021093374,-0.051688693,3
45.893192,0.2380937,35.350618358432406,-80.68130477261013,0,1,6434.033,-0.05089738,3,1,false,false,-2.5977397,4.249884,8.670634,0.020181676,-0.057233293,3
45.964108,0.23830527,35.35061168822296,-80.68130697292902,0,1,6449.544,-0.046959516,3,1,false,false,-2.408561,4.205471,9.007226,0.01918907,-0.061311733,3
46.03327,0.23851717,35.3506050182886,-80.68130906329073,0,1,6466.5693,-0.04302165,3,1,false,false,-2.091367,4.1326118,8.269032,0.01816267,-0.060834404,3
46.103764,0.23872937,35.350598348354225,-80.68131126377749,0,1,6474.914,-0.03820869,3,1,false,false,-2.1070065,4.293705,8.308287,0.01718447,-0.056416873,3
46.17627,0.23894191,35.350591588196394,-80.68131346409639,0,1,6474.937,-0.034271393,3,1,false,false,-2.4419062,4.371841,9.950113,0.016283346,-0.051887646,3
46.248116,0.23915493,35.35058491798696,-80.68131566441528,0,1,6470.079,-0.028291296,3,1,false,false,-2.2659464,4.2923203,9.769479,0.01546854,-0.04514945,3
46.318813,0.2393683,35.350578157829126,-80.68131786473417,0,1,6473.007,-0.023041373,3,1,false,false,-2.307922,4.169312,9.817266,0.01476887,-0.038849954,3
46.386726,0.23958199,35.35057148789476,-80.68132006505307,0,1,6489.1445,-0.019395577,3,1,false,false,-1.814362,4.0093584,9.001053,0.014182539,-0.031034613,3
46.453087,0.23979597,35.35056472773693,-80.68132226553983,0,1,6505.214,-0.015458269,3,1,false,false,-1.7047591,3.9931655,8.889549,0.013734785,-0.02242213,3
46.521034,0.24001029,35.3505579675791,-80.6813245758159,0,1,6510.073,-0.012395483,3,1,false,false,-1.772477,4.0943403,8.712235,0.013411939,-0.016505001,3
46.58921,0.2402249,35.350551297644735,-80.68132677613481,0,1,6516.148,-0.010062309,3,1,false,false,-1.3276128,4.068022,8.489859,0.013162206,-0.012802946,3
46.65638,0.24043985,35.350544537486904,-80.6813289764537,0,1,6530.0254,-0.008604216,3,1,false,false,-0.6976409,3.9758086,7.844499,0.012966431,-0.010058897,3
46.722645,0.2406551,35.35053777732907,-80.68133128689766,0,1,6551.8354,-0.00802064,3,1,false,false,-0.7221309,3.928476,7.3535504,0.012805692,-0.009094315,3
46.789642,0.24087065,35.35053092694778,-80.68133348721655,0,1,6568.8906,-0.007874606,3,1,false,false,-0.8323726,4.0765734,8.5988865,0.012658027,-0.008881759,3
46.859085,0.24108651,35.35052416678995,-80.6813357976605,0,1,6576.1533,-0.008457618,3,1,false,false,-0.68994075,4.2282653,8.873197,0.012496584,-0.009647314,3
46.92992,0.2413027,35.35051740663212,-80.68133810793658,0,1,6579.5474,-0.008895723,3,1,false,false,-0.3829171,4.171074,9.133254,0.012343817,-0.008108566,3
46.99993,0.24151921,35.35051055625083,-80.68134030842334,0,1,6587.2974,-0.009479298,3,1,false,false,-0.45562544,4.1322145,8.444039,0.012218539,-0.0073702727,3
47.069656,0.24173604,35.35050379609301,-80.68134261869943,0,1,6597.503,-0.009187228,3,1,false,false,-0.62137043,4.0313325,8.394308,0.01209505,-0.0073816795,3
47.138195,0.24195318,35.350496945986784,-80.68134492914339,0,1,6595.161,-0.008895722,3,1,false,false,-0.5028444,4.1202974,9.055644,0.01198003,-0.0063337088,3
47.207672,0.24217066,35.350490095605494,-80.68134723941947,0,1,6594.1562,-0.007874605,3,1,false,false,-0.87642217,4.1091323,10.593628,0.011872137,-0.0063431403,3
47.27643,0.24238844,35.350483245224204,-80.68134943973836,0,1,6605.017,-0.0068540536,3,1,false,false,-0.7570346,3.9928901,11.382377,0.0117658,-0.005704705,3
47.342796,0.24260654,35.35047639511799,-80.68135175018232,0,1,6625.8325,-0.0062704775,3,1,false,false,-0.008162729,3.8786564,10.15899,0.011695821,-0.0030090564,3
47.410057,0.24282496,35.3504695447367,-80.68135406062628,0,1,6646.6123,-0.005686902,3,1,false,false,-0.360732,4.025317,10.943679,0.01165384,-0.0030154802,3
47.47948,0.24304368,35.35046269435541,-80.68135637090235,0,1,6649.4077,-0.004229373,3,1,false,false,-0.28194275,4.0752516,11.58869,0.011585509,-0.005825779,3
47.5476,0.2432627,35.35045575402573,-80.68135868134631,0,1,6634.532,-0.002770715,3,1,false,false,-0.20166722,4.0451975,10.223228,0.011471312,-0.007631615,3
47.615704,0.24348204,35.35044890364444,-80.68136099162238,0,1,6632.9893,-0.00043754035,3,1,false,false,-0.17457819,3.9963267,11.47305,0.011364274,-0.00488403,3
47.680893,0.24370171,35.35044196331476,-80.68136330206634,0,1,6652.642,0.0013126222,3,1,false,false,-0.050199162,3.7878423,13.688818,0.011322077,-0.00038976772,3
47.743343,0.24392165,35.35043511293347,-80.68136561234243,0,1,6672.316,0.0032082566,3,1,false,false,0.12471372,3.6641746,10.97666,0.011351377,0.003967025,3
47.807278,0.24414189,35.35042817260379,-80.68136803274356,0,1,6684.5566,0.0043742796,3,1,false,false,-0.4260616,3.8545558,10.181371,0.011449774,0.0065591517,3
47.871986,0.24436243,35.350421232274115,-80.68137034318752,0,1,6690.0884,0.005687467,3,1,false,false,-0.21016096,3.8373437,11.136421,0.0115639465,0.0069676545,3
47.935036,0.24458325,35.35041429166936,-80.68137265346361,0,1,6687.6016,0.0062704775,3,1,false,false,0.20612143,3.6855855,10.408387,0.011687209,0.007929777,3
47.99815,0.24480435,35.35040735133968,-80.68137496390756,0,1,6689.7363,0.005978972,3,1,false,false,0.54014367,3.8230894,10.182999,0.011831255,0.00968039,3
48.06199,0.24502577,35.350400410734935,-80.68137727435152,0,1,6711.816,0.0053953957,3,1,false,false,0.22969168,3.7565923,11.577983,0.011996137,0.009452555,3
48.124046,0.24524747,35.35039338018179,-80.68137969458479,0,1,6733.7793,0.0051038903,3,1,false,false,0.64196897,3.714531,11.203041,0.012141999,0.00818038,3
48.18844,0.24546944,35.350386439852116,-80.68138200502874,0,1,6743.8022,0.0056874664,3,1,false,false,0.49178696,3.8721185,10.67047,0.012267968,0.0067541427,3
48.252903,0.24569172,35.35037949952243,-80.6813843154727,0,1,6750.8047,0.0067080185,3,1,false,false,0.52917004,3.8560028,10.860329,0.012371222,0.005648555,3
48.317375,0.24591428,35.3503724689693,-80.68138662574877,0,1,6745.501,0.008020077,3,1,false,false,0.69879586,3.8715198,12.178076,0.012475876,0.006757922,3
48.38137,0.24613716,35.350365438416155,-80.68138904614992,0,1,6743.415,0.0096242055,3,1,false,false,0.57913387,3.7632408,12.113555,0.012606295,0.008779261,3
48.44099,0.24636032,35.35035840786301,-80.68139135659388,0,1,6753.348,0.01151984,3,1,false,false,0.5211087,3.5202894,9.529015,0.012776428,0.011248672,3
48.499775,0.24658373,35.35035137730988,-80.68139366686997,0,1,6772.78,0.01414452,3,1,false,false,0.2476635,3.5550835,10.939489,0.012963648,0.011094659,3
48.55883,0.24680743,35.35034434648166,-80.6813960872711,0,1,6783.3496,0.016623164,3,1,false,false,0.81452346,3.592372,10.744601,0.013161378,0.012830333,3
48.619156,0.24703139,35.35033731592853,-80.68139839771506,0,1,6783.634,0.01895691,3,1,false,false,0.8634894,3.6751986,9.195795,0.013376778,0.013135149,3
48.679832,0.24725564,35.350330285375385,-80.68140070799114,0,1,6791.8257,0.021289513,3,1,false,false,0.6938161,3.6340535,9.397464,0.013599248,0.014495604,3
48.738907,0.24748017,35.35032325482224,-80.68140312839229,0,1,6814.145,0.02303911,3,1,false,false,0.63492656,3.5126736,9.7784195,0.013846615,0.015440266,3
48.798004,0.24770495,35.350316134320714,-80.68140543883624,0,1,6831.3984,0.023622125,3,1,false,false,1.3303044,3.6161735,9.299922,0.014135054,0.019979978,3
48.860504,0.24793002,35.35030910376758,-80.68140774911232,0,1,6841.4165,0.024205698,3,1,false,false,0.64256847,3.80815,10.296486,0.014513483,0.024274342,3
48.92404,0.24815539,35.35030198299098,-80.68141016951347,0,1,6845.1064,0.023768725,3,1,false,false,0.88998014,3.7765567,10.897508,0.014947309,0.026896609,3
48.986702,0.24838103,35.350294862214376,-80.68141247995742,0,1,6842.514,0.021873094,3,1,false,false,0.8230067,3.736432,11.078586,0.015410593,0.027090726,3
49.047146,0.24860695,35.350287831661234,-80.68141490035856,0,1,6843.135,0.019539915,3,1,false,false,0.96585846,3.5590162,10.73753,0.015873916,0.027917707,3
49.10449,0.24883316,35.35028071088463,-80.68141721063465,0,1,6845.4385,0.016769197,3,1,false,false,0.61173165,3.4357202,10.067108,0.016328145,0.024741195,3
49.16129,0.24905962,35.350273590383104,-80.6814195210786,0,1,6851.2617,0.013123403,3,1,false,false,0.82015026,3.4727664,10.566102,0.01668791,0.019863373,3
49.218166,0.24928632,35.350266379383044,-80.68142194147974,0,1,6860.821,0.009478734,3,1,false,false,0.8912283,3.4501426,10.305158,0.01699439,0.017521413,3
49.27427,0.24951333,35.350259258881515,-80.68142425175583,0,1,6877.1772,0.0068534883,3,1,false,false,0.53941864,3.3690522,8.442361,0.017250424,0.013946719,3
49.329914,0.24974057,35.35025213782985,-80.68142656219977,0,1,6899.15,0.004957855,3,1,false,false,0.4264658,3.3813255,7.767863,0.017455567,0.011628123,3
49.385635,0.24996805,35.35024492710485,-80.68142898260092,0,1,6917.3438,0.0043742796,3,1,false,false,0.51198953,3.3914175,7.137651,0.017626321,0.009581018,3
49.44305,0.2501958,35.350237806603324,-80.68143129287701,0,1,6923.4927,0.0048123854,3,1,false,false,0.73905903,3.5165412,7.2195683,0.017777508,0.009896372,3
49.502743,0.25042382,35.35023059587834,-80.68143360332097,0,1,6927.6875,0.005978972,3,1,false,false,0.3000179,3.6375515,8.238361,0.017947173,0.010901598,3
49.562298,0.25065213,35.35022347482666,-80.6814360237221,0,1,6939.13,0.007436501,3,1,false,false,0.26319635,3.5433557,8.694428,0.018124364,0.011175497,3
49.62167,0.25088072,35.350216264101675,-80.68143833399819,0,1,6949.7812,0.008603653,3,1,false,false,0.67617786,3.5398417,8.747105,0.018334355,0.014513363,3
49.679943,0.25110957,35.35020905337669,-80.68144075439933,0,1,6951.2173,0.008020077,3,1,false,false,0.5117219,3.4490433,7.783714,0.018605225,0.017135628,3
49.736862,0.2513387,35.3502018426517,-80.6814430648433,0,1,6949.933,0.0059789717,3,1,false,false,0.37415668,3.406107,8.470732,0.018880675,0.015378531,3
49.793465,0.25156805,35.35019463192671,-80.68144548524442,0,1,6949.5034,0.0018956333,3,1,false,false,0.39037257,3.3859258,9.509275,0.019099861,0.011305354,3
49.849617,0.2517977,35.35018733042811,-80.68144779552051,0,1,6951.0483,-0.00247921,3,1,false,false,0.87993056,3.3981721,9.798202,0.019266434,0.009719873,3
49.904472,0.2520276,35.350180119703126,-80.68145021592166,0,1,6956.044,-0.008457619,3,1,false,false,0.20170185,3.192025,8.501026,0.019398184,0.0057531768,3
49.956017,0.25225773,35.35017290897814,-80.68145252636562,0,1,6959.9497,-0.012978498,3,1,false,false,0.17077401,2.965122,9.575778,0.019449934,0.0004743382,3
50.00229,0.2524881,35.350165608029684,-80.68145494676675,0,1,6962.652,-0.017790882,3,1,false,false,-0.09615049,2.563558,8.71063,0.019395681,-0.006845165,3
50.043667,0.25271866,35.350158397304696,-80.68145725704284,0,1,6964.253,-0.021291208,3,1,false,false,-0.19206671,2.3233025,9.131543,0.01924291,-0.011521555,3
50.081944,0.25294942,35.35015109635625,-80.68145967744398,0,1,6964.4165,-0.02522907,3,1,false,false,-0.9164419,2.2259262,10.819921,0.018998288,-0.017923081,3
50.1167,0.25318035,35.350143795407796,-80.68146198788794,0,1,6960.6006,-0.028291296,3,1,false,false,-0.88993746,1.8411428,11.92114,0.018661909,-0.022466134,3
50.146122,0.25341144,35.35013658468281,-80.68146440828909,0,1,6953.3843,-0.033541784,3,1,false,false,-1.3570446,1.6656232,10.758575,0.018257467,-0.026073925,3
50.17239,0.25364265,35.35012928373436,-80.68146671856516,0,1,6949.997,-0.037771158,3,1,false,false,-1.4885639,1.3813573,11.569924,0.017809674,-0.02906975,3
50.147934,0.25387388,35.35012198223576,-80.6814691389663,0,1,6829.9175,-0.044042766,0,1,false,false,-1.733489,-4.0008936,11.445747,0.017277287,-0.034743607,3
50.113583,0.2541049,35.350114771510775,-80.68147155936745,0,1,6390.334,-0.047980625,4,1,false,false,-1.7609476,0.9855872,11.458033,0.016666498,-0.039158776,3
50.239216,0.25433618,35.35010747056233,-80.6814739797686,0,1,5689.9795,-0.050897375,4,1,false,false,-2.005029,9.587235,12.831316,0.015890365,-0.05492396,3
50.35938,0.25456804,35.350100169613874,-80.68147640016974,0,1,5565.5093,-0.053231124,4,1,false,false,-2.2442126,5.127531,10.877288,0.014888586,-0.06342985,3
50.352814,0.2548002,35.35009286866543,-80.68147882057089,0,1,5822.652,-0.05410619,4,1,false,false,-2.5223916,-2.2375364,9.190072,0.013857428,-0.05902396,3
50.37678,0.25503233,35.350085567716974,-80.68148124097203,0,1,5984.7964,-0.053814128,4,1,false,false,-2.6149526,3.0118697,9.0167465,0.012937205,-0.052491684,3
50.44351,0.25526467,35.35007826676853,-80.68148366137316,0,1,5826.662,-0.05264755,4,1,false,false,-2.9603524,4.8989778,10.234578,0.012080223,-0.051886924,3
50.5206,0.2554974,35.35007096582007,-80.68148608177431,0,1,5717.9937,-0.051772468,4,1,false,false,-2.6238122,3.8116047,9.63445,0.011190423,-0.054107774,3
50.55777,0.25573036,35.35006357464817,-80.68148850200758,0,1,5836.324,-0.05177246,4,1,false,false,-2.7212694,1.5308399,8.63633,0.010293488,-0.053020164,3
50.592426,0.25596347,35.350056273699714,-80.68149103253378,0,1,5924.457,-0.05206453,4,1,false,false,-2.5256302,2.6924598,9.584374,0.009414588,-0.052808132,3
50.651196,0.2561968,35.35004897275127,-80.68149345293493,0,1,5866.522,-0.052210577,4,1,false,false,-2.7405875,3.9082808,9.500289,0.008490022,-0.058104686,3
50.71385,0.25643045,35.35004167180281,-80.68149598329327,0,1,5818.5977,-0.052210566,4,1,false,false,-2.4678025,3.47935,8.769,0.0074996944,-0.060243033,3
50.762314,0.25666434,35.35003428063091,-80.6814985136516,0,1,5863.2495,-0.051626984,4,1,false,false,-2.7938914,2.5963252,9.62704,0.0064895498,-0.060993094,3
50.80618,0.25689843,35.350026979682454,-80.68150093405275,0,1,5897.9155,-0.050605875,4,1,false,false,-2.2344038,2.8184307,8.6956005,0.0054856194,-0.05829056,3
50.85893,0.25713274,35.35001958851054,-80.68150346441108,0,1,5877.7104,-0.04885571,4,1,false,false,-2.6272411,3.336538,7.840772,0.004552472,-0.054186225,3
50.913754,0.2573673,35.350012197338636,-80.68150599493728,0,1,5867.5835,-0.04695952,4,1,false,false,-3.0157356,3.1948009,9.726337,0.0036596342,-0.05305914,3
50.964184,0.25760213,35.35000489639018,-80.68150852529561,0,1,5889.1206,-0.04520935,4,1,false,false,-3.1902618,2.9318602,10.719563,0.0027632508,-0.05487165,3
51.014572,0.25783718,35.349997505218276,-80.68151116577901,0,1,5910.72,-0.044479743,4,1,false,false,-2.7752643,3.111603,10.692025,0.0018285004,-0.057441104,3
51.069,0.25807247,35.34999011459651,-80.68151369613734,0,1,5918.4727,-0.04389672,4,1,false,false,-3.2209628,3.2563996,10.557654,0.0008365042,-0.062189452,3
51.122757,0.258308,35.349982723424596,-80.68151622649567,0,1,5906.669,-0.042146564,4,1,false,false,-3.3005226,3.1373394,10.520993,-0.00020775478,-0.061800335,3
51.173595,0.25854376,35.34997533225268,-80.68151886697908,0,1,5895.567,-0.0398134,4,1,false,false,-3.1275961,2.9774938,10.8677,-0.0011771108,-0.0540899,3
51.221714,0.25877976,35.34996794108078,-80.6815213973374,0,1,5904.7017,-0.038063224,4,1,false,false,-2.5755637,2.8695238,12.0756,-0.0019956802,-0.044331294,3
51.269978,0.259016,35.349960549908864,-80.68152403782081,0,1,5918.4604,-0.036604576,4,1,false,false,-2.8789039,2.9519267,12.214037,-0.0026780204,-0.039234735,3
51.320095,0.25925246,35.34995315873695,-80.68152667813632,0,1,5925.923,-0.035146475,4,1,false,false,-2.7628758,3.0387716,11.2601,-0.0033427547,-0.040934116,3
51.369625,0.25948912,35.34994576756504,-80.68152931861972,0,1,5932.0186,-0.033979334,4,1,false,false,-2.2891378,2.9063764,9.849894,-0.0040405565,-0.042538382,3
51.417778,0.25972602,35.34993837639313,-80.68153195910311,0,1,5937.0796,-0.032375187,4,1,false,false,-1.8914653,2.9400582,10.263758,-0.0047243997,-0.038901236,3
51.467117,0.25996312,35.34993089554791,-80.68153459941864,0,1,5939.0234,-0.030771066,4,1,false,false,-2.1624851,2.9953794,11.000248,-0.0053400393,-0.035928056,3
51.51574,0.26020047,35.349923504375994,-80.68153723990203,0,1,5944.8945,-0.02945844,4,1,false,false,-1.7396506,2.8768413,9.931632,-0.0059273383,-0.034440827,3
51.563675,0.26043802,35.34991611320408,-80.68153988038543,0,1,5957.5557,-0.02814582,4,1,false,false,-1.7520295,2.8746417,9.274262,-0.006496003,-0.034260273,3
51.610683,0.26067582,35.34990863180871,-80.68154263082602,0,1,5968.1973,-0.02639566,4,1,false,false,-1.469561,2.8188994,8.614019,-0.0070607457,-0.032492872,3
51.658707,0.2609138,35.349901240636804,-80.68154527114153,0,1,5964.6704,-0.025229078,4,1,false,false,-1.3538237,2.977319,8.868238,-0.0075703836,-0.028751902,3
51.708225,0.261152,35.34989375979157,-80.68154791162493,0,1,5966.531,-0.023041375,4,1,false,false,-1.4873124,2.9951472,9.429484,-0.00802759,-0.026548928,3
51.757053,0.26139048,35.3498862783962,-80.68155066206552,0,1,5981.7915,-0.020707635,4,1,false,false,-1.3817215,2.924959,9.433819,-0.008478486,-0.027362406,3
51.80706,0.26162913,35.34987888722429,-80.6815533025489,0,1,5998.111,-0.01764541,4,1,false,false,-1.0565009,3.0641315,10.117777,-0.0089381235,-0.027856367,3
51.858524,0.26186803,35.34987140582892,-80.68155605298949,0,1,6005.267,-0.014874697,4,1,false,false,-1.1162351,3.0993526,10.326436,-0.009399048,-0.027194781,3
51.910946,0.2621072,35.349863924983694,-80.68155869330502,0,1,5999.48,-0.011228896,4,1,false,false,-1.7551066,3.1338847,10.97627,-0.009830376,-0.024805987,3
51.963387,0.26234657,35.34985644358832,-80.6815614437456,0,1,5993.72,-0.008604216,4,1,false,false,-1.082256,3.1091154,13.341483,-0.010195777,-0.01864844,3
52.010723,0.26258618,35.34984896219295,-80.68156419418618,0,1,5999.8447,-0.0062704766,4,1,false,false,-1.192218,2.6607924,11.748559,-0.010438032,-0.010938296,3
52.055706,0.26282603,35.34984148079758,-80.68156694462677,0,1,6006.576,-0.0043748436,4,1,false,false,-1.2382041,2.7872086,11.257521,-0.010552105,-0.0036563496,3
52.10163,0.26306605,35.34983399995235,-80.68156969506735,0,1,6008.9595,-0.003354291,4,1,false,false,-0.8262467,2.710988,11.888429,-0.010590899,-0.0017998923,3
52.14479,0.2633063,35.349826428333515,-80.68157233555075,0,1,6007.801,-0.0026246803,4,1,false,false,-0.2617306,2.6772826,9.069302,-0.010600586,0.0012274095,3
52.19034,0.26354674,35.34981894693815,-80.68157508599133,0,1,6017.164,-0.0032082568,4,1,false,false,-0.44881055,2.8601282,9.748176,-0.010566544,0.0015553633,3
52.23635,0.2637874,35.349811466092916,-80.68157783643191,0,1,6037.419,-0.0036457973,4,1,false,false,0.025101747,2.795565,10.340707,-0.010565482,-0.00030444618,3
52.283394,0.26402828,35.349803894474086,-80.6815805868725,0,1,6047.7207,-0.003937867,4,1,false,false,-0.117742136,2.9029496,8.509368,-0.010565167,-0.00047820545,3
52.332066,0.26426938,35.349796413078714,-80.68158333731309,0,1,6061.781,-0.003937867,4,1,false,false,0.041120436,2.9392967,7.8016877,-0.010589063,-0.0015249877,3
52.38076,0.26451072,35.34978884201003,-80.68158608775367,0,1,6065.5967,-0.0032082559,4,1,false,false,0.03897007,2.9288805,8.384409,-0.0106152175,-0.0020531768,3
52.429554,0.26475227,35.34978136061466,-80.68158883819426,0,1,6050.9062,-0.0014580928,4,1,false,false,0.39087808,2.9892075,8.038912,-0.010651565,-0.0012932364,3
52.477787,0.26499408,35.349773789545964,-80.68159158863483,0,1,6050.6074,0.0014580934,4,1,false,false,0.044213258,2.9227886,9.420616,-0.010655684,0.0003821289,3
52.525448,0.2652361,35.34976621792713,-80.68159433907542,0,1,6069.4487,0.0051038903,4,1,false,false,0.06475805,2.863449,10.985328,-0.010644478,0.0015290757,3
52.572746,0.26547834,35.3497586463083,-80.68159719947319,0,1,6083.481,0.010936264,4,1,false,false,0.7293961,2.9158137,9.822789,-0.010583909,0.0067452313,3
52.623024,0.2657208,35.34975107523962,-80.68159994991377,0,1,6085.8735,0.015457144,4,1,false,false,0.33901495,3.015118,10.008068,-0.010420816,0.0123171145,3
52.67209,0.26596352,35.34974350362078,-80.68160270035436,0,1,6081.0522,0.02114404,4,1,false,false,0.6518982,2.9561806,11.375415,-0.010168756,0.018032677,3
52.72105,0.26620644,35.34973593255209,-80.68160545079495,0,1,6077.7383,0.025226254,4,1,false,false,0.9451172,2.9370923,11.8586445,-0.009817738,0.023682015,3
52.76749,0.2664496,35.34972836093326,-80.68160820123553,0,1,6088.999,0.028142441,4,1,false,false,1.2779403,2.6762664,11.542396,-0.009360325,0.031145012,3
52.81195,0.266693,35.34972069964111,-80.68161095167612,0,1,6098.908,0.029017523,4,1,false,false,1.2193937,2.7255914,9.950827,-0.00879948,0.035020143,3
52.85638,0.26693654,35.34971312802228,-80.6816137021167,0,1,6099.9844,0.028142441,4,1,false,false,1.6069449,2.7167053,9.973213,-0.00820462,0.03624978,3
52.901077,0.26718032,35.34970546673013,-80.68161645255728,0,1,6096.6206,0.024789277,4,1,false,false,1.2211484,2.725188,9.514373,-0.007605306,0.034822907,3
52.944843,0.26742432,35.3496978951113,-80.68161920299787,0,1,6104.2793,0.021144044,4,1,false,false,1.626621,2.645871,7.96023,-0.007044391,0.03285618,3
52.98816,0.2676685,35.34969023381915,-80.68162195343845,0,1,6122.927,0.016186193,4,1,false,false,1.1051155,2.6551929,7.288632,-0.0065238294,0.02959853,3
53.032207,0.2679129,35.34968257197686,-80.68162470387904,0,1,6136.8516,0.012540955,4,1,false,false,1.3064941,2.7217917,6.7048063,-0.00605706,0.0267105,3
53.078537,0.2681575,35.34967500090817,-80.68162745431962,0,1,6143.422,0.009040629,4,1,false,false,1.1671138,2.884039,6.610067,-0.0056524016,0.022218743,3
53.12735,0.26840234,35.34966733961602,-80.68163020476021,0,1,6152.83,0.006853489,4,1,false,false,1.1128114,2.9486725,7.9779487,-0.0053046187,0.020147596,3
53.176647,0.2686474,35.34965967777373,-80.68163295520078,0,1,6162.806,0.005978972,4,1,false,false,1.0696112,2.9886653,8.752197,-0.004989613,0.017851485,3
53.227814,0.26889268,35.34965201648158,-80.68163570564137,0,1,6166.688,0.0055408664,4,1,false,false,1.1248636,3.135017,9.798117,-0.0046946583,0.017584747,3
53.28114,0.2691382,35.34964426441582,-80.68163845608196,0,1,6163.017,0.0059789727,4,1,false,false,1.1356826,3.1434784,11.725524,-0.0043984842,0.01728607,3
53.33147,0.26938397,35.34963660312368,-80.68164120652254,0,1,6153.3843,0.005687466,4,1,false,false,0.6772549,2.9110286,11.64533,-0.0041263164,0.014479537,3
53.377457,0.26962993,35.349628941831526,-80.68164395696313,0,1,6154.7026,0.00510389,4,1,false,false,0.6676341,2.6436918,11.848358,-0.0038863441,0.013659841,3
53.420967,0.26987606,35.34962118976577,-80.68164670740371,0,1,6162.079,0.0030622208,4,1,false,false,0.75717044,2.6225529,12.939358,-0.003661901,0.012766326,3
53.464466,0.27012244,35.349613528473625,-80.6816494578443,0,1,6163.7847,0.00029150583,4,1,false,false,0.902167,2.6953764,12.041716,-0.00345758,0.011545607,3
53.509174,0.27036896,35.349605776958015,-80.68165220828487,0,1,6167.035,-0.0036457977,4,1,false,false,0.48633397,2.725544,11.35833,-0.0032933536,0.007866144,3
53.552616,0.2706157,35.34959811511572,-80.68165495872546,0,1,6179.041,-0.009041193,4,1,false,false,0.19928287,2.6172817,10.076798,-0.003212285,0.0026775538,3
53.596516,0.27086264,35.34959036360011,-80.68165770916605,0,1,6189.9585,-0.014728661,4,1,false,false,0.18903211,2.7413874,9.897065,-0.0031990064,-0.0012916286,3
53.64243,0.27110976,35.349582612084504,-80.68166045960663,0,1,6195.0933,-0.022457791,4,1,false,false,-0.28875336,2.783961,9.91823,-0.0032576304,-0.005639545,3
53.68883,0.27135706,35.34957486056889,-80.68166321004722,0,1,6199.0967,-0.030771067,4,1,false,false,-1.3032563,2.8276541,9.934506,-0.0034018706,-0.013033867,3
53.73477,0.2716046,35.34956710850314,-80.6816659604878,0,1,6208.76,-0.0387917,4,1,false,false,-0.93524826,2.738484,9.706837,-0.0036963143,-0.022000596,3
53.778957,0.2718523,35.34955935698753,-80.68166871092839,0,1,6215.7856,-0.046959504,4,1,false,false,-0.5796464,2.653215,8.565195,-0.0041151517,-0.027925618,3
53.82261,0.27210024,35.349551605471916,-80.68167157132616,0,1,6213.1157,-0.056731448,4,1,false,false,-2.1081386,2.6600437,8.526469,-0.0046247533,-0.0349443,3
53.867115,0.27234855,35.349543853956305,-80.68167432176675,0,1,6210.0854,-0.06548339,4,1,false,false,-2.0679085,2.7472622,10.085227,-0.005312778,-0.047281288,3
53.912148,0.2725971,35.34953610189056,-80.68167707220732,0,1,6221.514,-0.07613095,4,1,false,false,-2.3591292,2.7226522,10.356165,-0.006221854,-0.061913505,3
53.955173,0.27284583,35.349528350374946,-80.68167993277298,0,1,6246.5083,-0.08619551,4,1,false,false,-3.3515327,2.6492374,8.566837,-0.007409143,-0.08066398,3
54.00121,0.2730946,35.349520598859336,-80.68168268321355,0,1,6259.1353,-0.099324,4,1,false,false,-4.1775126,2.8612716,9.489336,-0.008911204,-0.09967264,3
54.04999,0.27334344,35.349512757120266,-80.68168554361134,0,1,6242.8486,-0.10895216,4,1,false,false,-4.8068094,2.9436932,10.102123,-0.010693489,-0.11310925,3
54.09551,0.27359244,35.349505005604655,-80.68168829405191,0,1,6234.417,-0.12062254,4,1,false,false,-5.1299725,2.6985114,8.564062,-0.012637254,-0.11939752,3
54.138115,0.27384162,35.3494972535389,-80.68169115461757,0,1,6253.8457,-0.132002,4,1,false,false,-6.379477,2.4993274,9.501454,-0.014688676,-0.12767382,3
54.178417,0.27409077,35.34948941179983,-80.68169412497252,0,1,6267.932,-0.14367352,4,1,false,false,-6.2053895,2.572553,8.731952,-0.016871255,-0.13289465,3
54.223732,0.2743401,35.34948166028422,-80.68169698553817,0,1,6262.9985,-0.15622123,4,1,false,false,-7.3918285,2.8611274,9.003689,-0.019176487,-0.1460393,3
54.270546,0.2745896,35.34947381854515,-80.68169984593594,0,1,6270.304,-0.17052026,4,1,false,false,-9.039993,2.8295276,11.423287,-0.021813005,-0.17202425,3
54.314922,0.2748392,35.34946606702954,-80.68170281645878,0,1,6284.8604,-0.18511128,4,1,false,false,-9.747628,2.6064491,9.485709,-0.024972986,-0.20635568,3
54.358723,0.27508888,35.34945822529047,-80.68170578681374,0,1,6295.551,-0.19882849,4,1,false,false,-9.262824,2.7111967,9.73548,-0.028566381,-0.22260255,3
54.403538,0.27533877,35.34945047377486,-80.68170886746164,0,1,6291.81,-0.21050276,4,1,false,false,-11.712644,2.8041868,11.761507,-0.032347802,-0.23241207,3
54.44721,0.27558878,35.3494427217091,-80.68171183781661,0,1,6279.6875,-0.22130144,4,1,false,false,-13.062083,2.605827,11.892964,-0.03628611,-0.24070564,3
54.487846,0.27583894,35.34943487997003,-80.68171491829662,0,1,6286.444,-0.23151773,4,1,false,false,-11.944439,2.4677684,10.447251,-0.040316075,-0.24161953,3
54.526016,0.27608922,35.34942712845442,-80.68171810890172,0,1,6307.293,-0.24129578,4,1,false,false,-13.525549,2.33766,10.544875,-0.04432705,-0.24161519,3
54.565495,0.27633965,35.34941937693882,-80.68172118938173,0,1,6305.955,-0.2528264,4,1,false,false,-13.843155,2.631934,11.617926,-0.048391882,-0.24704328,3
54.6081,0.2765902,35.34941162487306,-80.68172437981895,0,1,6300.6055,-0.26362675,4,1,false,false,-14.654871,2.650555,12.138547,-0.052678403,-0.27163604,3
54.648727,0.27684093,35.349403783133994,-80.68172768038123,0,1,6321.6587,-0.27617896,4,1,false,false,-15.838492,2.463109,12.141408,-0.05751168,-0.30946785,3
54.687218,0.2770918,35.34939603161838,-80.6817309809435,0,1,6338.13,-0.29048428,4,1,false,false,-15.156801,2.4797943,11.972014,-0.06286611,-0.32932335,3
54.725796,0.2773428,35.34938828010277,-80.68173428150578,0,1,6329.521,-0.30727145,4,1,false,false,-14.998086,2.4524615,10.132973,-0.06830918,-0.31863454,3
54.762596,0.27759397,35.34938061881062,-80.68173769202524,0,1,6318.43,-0.32172388,4,1,false,false,-15.014989,2.3333097,9.257428,-0.07330068,-0.27919257,3
54.79684,0.27784526,35.34937286674487,-80.6817411025447,0,1,6324.5547,-0.33807582,4,1,false,false,-16.151464,2.1833787,9.908043,-0.077701055,-0.25628778,3
54.830173,0.2780967,35.34936511522926,-80.68174462318923,0,1,6342.444,-0.3569092,4,1,false,false,-15.906578,2.2324846,8.697562,-0.08211299,-0.279312,3
54.863964,0.2783483,35.34935736371365,-80.68174814366589,0,1,6365.8525,-0.38158572,4,1,false,false,-12.3881855,2.1799247,6.1932254,-0.087088116,-0.3159997,3
54.901222,0.2786,35.349349701871354,-80.68175166431041,0,1,6392.9536,-0.41137505,4,1,false,false,-12.8026495,2.6280718,6.1892967,-0.0925276,-0.33446494,3
54.941994,0.2788519,35.34934195035575,-80.68175529474426,0,1,6383.3784,-0.44905445,4,1,false,false,-17.308275,2.662626,8.002746,-0.09826104,-0.3589338,3
54.980022,0.27910396,35.3493342890636,-80.68175892534597,0,1,6361.0454,-0.4830868,4,1,false,false,-12.5088825,2.281113,4.916469,-0.10435204,-0.36154222,3
55.009495,0.27935615,35.3493266272213,-80.68176266607276,0,1,6396.1577,-0.5133249,4,1,false,false,-10.38075,1.8795153,2.6575804,-0.11014025,-0.33261105,3
55.040737,0.27960846,35.34931896592916,-80.68176640663165,0,1,6434.7217,-0.54225135,4,1,false,false,-16.818985,2.3625755,6.563554,-0.11542581,-0.31109342,3
55.07487,0.27986094,35.34931121441355,-80.68177014719056,0,1,6402.6577,-0.57015723,4,1,false,false,-16.959768,2.2829545,7.158381,-0.120965205,-0.36353198,3
55.102905,0.28011358,35.34930355257126,-80.68177399787453,0,1,6439.6313,-0.59412163,4,1,false,false,-16.515413,1.7101245,6.5053415,-0.12776835,-0.45735633,3
55.12701,0.28036627,35.349295981502564,-80.68177784839062,0,1,6549.981,-0.61881804,4,1,false,false,-24.617361,2.1468165,11.993524,-0.13631812,-0.5736773,3
55.159897,0.28061914,35.349288319660275,-80.68178180903178,0,1,6510.352,-0.6433705,4,1,false,false,-31.35318,2.875538,18.891485,-0.14710365,-0.72317046,3
55.19739,0.28087217,35.34928074859158,-80.68178576967294,0,1,6418.8013,-0.6601778,4,1,false,false,-28.23372,2.717632,16.915678,-0.15997016,-0.80614173,3
55.21824,0.28112534,35.34927317697275,-80.68178995039635,0,1,6451.4844,-0.6730404,4,1,false,false,-31.863869,1.6273093,16.356064,-0.17291987,-0.74078166,3
55.221737,0.2813786,35.349265605904066,-80.68179413111976,0,1,6413.715,-0.68312615,4,1,false,false,-34.79809,0.93880165,19.688942,-0.1837944,-0.55468357,3
55.22956,0.28163186,35.349258124508694,-80.68179842180035,0,1,6394.59,-0.69452816,4,1,false,false,-31.403484,1.5736195,13.560527,-0.19142301,-0.37327117,3
55.22711,0.28188512,35.34925064311332,-80.68180282243813,0,1,6426.6885,-0.70943785,4,1,false,false,-22.41761,0.39292085,9.106174,-0.19697477,-0.29387486,3
55.21788,0.2821384,35.349243162268095,-80.68180722307592,0,1,6558.55,-0.7246418,4,1,false,false,-17.608927,-0.08074397,4.4920835,-0.2015726,-0.25532937,3
55.21213,0.2823917,35.349235680872724,-80.68181173383877,0,1,6668.0176,-0.7421857,4,1,false,false,-12.188585,0.31278467,0.41000032,-0.20576537,-0.24345908,3
55.21415,0.28264502,35.34922828970081,-80.68181624460162,0,1,6718.13,-0.7641163,4,1,false,false,-7.4337406,0.40895095,-2.2847505,-0.209963,-0.2573315,3
55.21438,0.28289834,35.3492208985289,-80.68182086532165,0,1,6831.1,-0.7866345,4,1,false,false,-5.588844,0.15640274,-3.1717029,-0.21451034,-0.28403348,3
55.21537,0.28315175,35.34921350735699,-80.6818253760845,0,1,6954.0454,-0.81807435,4,1,false,false,-5.601044,0.36699295,-2.0764866,-0.21946551,-0.30656028,3
55.22226,0.2834051,35.34920611618508,-80.68182999680454,0,1,6953.6743,-0.8637048,4,1,false,false,-6.026782,0.72507095,-1.4762703,-0.2247312,-0.3204799,3
55.22731,0.2836585,35.34919872501317,-80.68183450756739,0,1,6959.3716,-0.9070022,4,1,false,false,-8.1985445,0.33331907,0.08979052,-0.23013443,-0.32535297,3
55.217308,0.28391194,35.3491913343914,-80.68183912828742,0,1,6939.671,-0.96010864,4,1,false,false,-10.513448,-0.66926277,1.6889805,-0.23556957,-0.32473963,3
55.189697,0.28416526,35.349183943219494,-80.68184385896464,0,1,6943.357,-1.0040054,4,1,false,false,-12.346199,-1.5745829,3.2403128,-0.24092723,-0.3171565,3
55.162914,0.28441837,35.34917655204758,-80.68184847968469,0,1,6958.2197,-1.0473229,4,1,false,false,-13.448505,1.4788684,4.3401146,-0.24617188,-0.30425644,3
55.240982,0.2846716,35.34916925109913,-80.68185321052978,0,1,6918.051,-1.0802556,4,1,false,false,-33.053356,5.969804,11.586141,-0.25052044,-0.24960165,3
55.313282,0.2849252,35.34916195015068,-80.68185805133207,0,1,6368.5312,-1.1107031,4,1,false,false,-37.13334,6.3485165,24.457891,-0.25533727,-0.34084192,3
55.37545,0.28517914,35.34915464920223,-80.68186289213436,0,1,6126.404,-1.139836,4,1,false,false,-35.479694,2.1100163,27.382858,-0.26173133,-0.4233255,3
55.328564,0.28543314,35.349147437927094,-80.68186795285102,0,1,6443.337,-1.1552083,4,1,false,false,-35.90062,-4.3718305,21.827642,-0.26923433,-0.46695432,3
55.287228,0.2856872,35.349140227202106,-80.68187301373557,0,1,6608.2515,-1.1598935,4,1,false,false,-32.07063,0.4688342,16.148546,-0.27688324,-0.44745088,3
55.311146,0.28594124,35.34913310670058,-80.68187818457729,0,1,6448.435,-1.1518404,4,1,false,false,-25.426102,2.548499,10.751654,-0.28414539,-0.41683513,3
55.34125,0.28619543,35.34912598619905,-80.6818834653762,0,1,6404.1655,-1.138665,4,1,false,false,-18.37228,1.6089151,4.093695,-0.2905785,-0.35098052,3
55.349518,0.28644958,35.34911886514738,-80.68188874617513,0,1,6559.4854,-1.1225609,4,1,false,false,-12.75302,0.67752683,0.093348265,-0.29588544,-0.28699544,3
55.366673,0.2867037,35.34911183486931,-80.6818941370991,0,1,6592.1387,-1.1108487,4,1,false,false,-9.442266,1.8334644,-1.0298395,-0.30017188,-0.22894575,3
55.405952,0.28695798,35.3491048040411,-80.68189941789802,0,1,6534.855,-1.1128988,4,1,false,false,-9.660638,2.757023,0.7504909,-0.30357623,-0.1857734,3
55.443047,0.28721225,35.34909768353957,-80.681904808822,0,1,6555.392,-1.1298801,4,1,false,false,-11.671973,2.2123494,2.845349,-0.30649802,-0.17159212,3
55.47625,0.28746644,35.34909065271136,-80.68191030970317,0,1,6575.563,-1.1603329,4,1,false,false,-19.101254,3.34238,8.00615,-0.30970818,-0.22480957,3
55.525597,0.2877208,35.34908362243329,-80.68191581058434,0,1,6471.72,-1.1881533,4,1,false,false,-23.868622,3.1341794,13.621822,-0.31398934,-0.2923437,3
55.564518,0.2879753,35.34907668182854,-80.6819213114655,0,1,6367.377,-1.2057241,4,1,false,false,-24.074982,2.2337408,16.86583,-0.31936133,-0.34540674,3
55.577797,0.2882297,35.34906965155047,-80.68192692230386,0,1,6424.7705,-1.2112889,4,1,false,false,-25.02783,0.4142828,15.75571,-0.3252602,-0.35804054,3
55.581085,0.28848407,35.349062710945724,-80.68193264326729,0,1,6492.0947,-1.2033821,4,1,false,false,-25.028194,0.8601925,13.783198,-0.33119082,-0.35201988,3
55.60164,0.2887385,35.349055860564434,-80.68193836406283,0,1,6453.567,-1.1891778,4,1,false,false,-22.631292,1.8624833,10.690653,-0.33696517,-0.33811656,3
55.62922,0.2889928,35.34904891995968,-80.68194419515132,0,1,6420.358,-1.1732175,4,1,false,false,-19.240831,1.745765,7.2399054,-0.34238434,-0.31097922,3
55.650265,0.28924718,35.349042159801854,-80.68195002607192,0,1,6466.8765,-1.1598938,4,1,false,false,-15.369769,1.280503,3.829548,-0.34735683,-0.28783,3
55.67086,0.28950167,35.349035309420564,-80.68195585699253,0,1,6508.2954,-1.1540377,4,1,false,false,-12.233593,1.443869,1.7519158,-0.35198626,-0.27247733,3
55.697212,0.28975612,35.34902845958941,-80.68196179787033,0,1,6518.8174,-1.1606257,4,1,false,false,-9.817502,1.7313914,0.47543466,-0.3564635,-0.27080393,3
55.724586,0.2900106,35.34902169943159,-80.681967738916,0,1,6553.0903,-1.1773171,4,1,false,false,-15.716745,1.6699144,3.2276511,-0.36108452,-0.30617812,3
55.75492,0.2902652,35.3490148490503,-80.68197378975098,0,1,6562.411,-1.2003063,4,1,false,false,-17.475573,2.2280502,8.18299,-0.36692396,-0.3975542,3
55.792248,0.2905199,35.34900808889247,-80.68197984075384,0,1,6517.164,-1.2247616,4,1,false,false,-20.81367,2.5147767,11.136983,-0.37427333,-0.483654,3
55.824047,0.29077464,35.349001418958096,-80.68198589175671,0,1,6486.583,-1.238235,4,1,false,false,-26.354855,1.8589085,15.056484,-0.38290817,-0.5513578,3
55.83764,0.2910295,35.348994658800265,-80.68199205271675,0,1,6487.5503,-1.2414575,4,1,false,false,-29.551409,0.9267086,18.976027,-0.39259648,-0.60490555,3
55.843987,0.2912844,35.348988078539215,-80.68199832380186,0,1,6502.7334,-1.2342808,4,1,false,false,-30.516254,0.8937435,18.704077,-0.40289423,-0.62111324,3
55.85077,0.29153925,35.34898140860485,-80.6820045947191,0,1,6507.425,-1.2203686,4,1,false,false,-30.18702,1.0958048,17.304518,-0.41316998,-0.60035515,3
55.860813,0.29179412,35.3489749191174,-80.6820109757614,0,1,6490.3413,-1.2083604,4,1,false,false,-30.04958,1.2391096,16.003872,-0.42256945,-0.52437776,3
55.87315,0.29204908,35.34896833885635,-80.6820174667609,0,1,6476.9053,-1.1985495,4,1,false,false,-28.007643,1.3437372,13.062601,-0.43061715,-0.4397085,3
55.885746,0.29230407,35.348961939592364,-80.68202395792825,0,1,6487.12,-1.1890321,4,1,false,false,-24.440578,1.2033231,9.957239,-0.43722767,-0.3561247,3
55.89876,0.29255915,35.34895544955477,-80.68203055888493,0,1,6509.5083,-1.1821488,4,1,false,false,-19.741951,1.295352,6.903132,-0.4426509,-0.29731268,3
55.917355,0.29281425,35.348949050290784,-80.68203716000949,0,1,6534.285,-1.1793666,4,1,false,false,-17.77429,1.4976599,5.6623793,-0.44720683,-0.2536586,3
55.94023,0.29306957,35.34894265047666,-80.68204387109122,0,1,6540.0737,-1.1821492,4,1,false,false,-18.891367,1.7092787,6.182602,-0.45130298,-0.25091437,3
55.964424,0.293325,35.348936340885984,-80.68205058217296,0,1,6540.867,-1.194595,4,1,false,false,-19.20895,1.7344817,8.408016,-0.45593965,-0.3139967,3
55.99437,0.29358053,35.34893003129532,-80.6820574032119,0,1,6544.584,-1.2109966,4,1,false,false,-21.114712,2.0187595,11.551105,-0.4617479,-0.37852842,3
56.02196,0.29383627,35.34892372225479,-80.68206422425082,0,1,6511.8433,-1.2259333,4,1,false,false,-23.627087,1.9300387,13.635216,-0.46849582,-0.426438,3
56.0446,0.29409218,35.34891750288758,-80.68207104545763,0,1,6486.7407,-1.233842,4,1,false,false,-25.89752,1.4639388,15.925559,-0.475879,-0.4513743,3
56.05687,0.29434815,35.34891128352037,-80.68207808657881,0,1,6495.389,-1.2298878,4,1,false,false,-27.083076,0.9570938,17.01844,-0.483417,-0.44604188,3
56.067047,0.29460424,35.348905064153165,-80.68208501757493,0,1,6504.6353,-1.2178792,4,1,false,false,-26.5959,1.0983762,15.749273,-0.4906429,-0.41651383,3
56.08117,0.2948605,35.34889902468274,-80.68209205869611,0,1,6495.668,-1.2013321,4,1,false,false,-26.410646,1.3301704,15.271083,-0.49729472,-0.3835491,3
56.097145,0.2951168,35.34889289553899,-80.68209920994235,0,1,6487.4805,-1.1834669,4,1,false,false,-26.287119,1.2732624,14.017261,-0.50354755,-0.37011352,3
56.112556,0.29537326,35.3488868566187,-80.68210647114579,0,1,6496.3813,-1.1651645,4,1,false,false,-24.692358,1.1848333,12.373134,-0.5097684,-0.3809853,3
56.12917,0.29562998,35.348880907921874,-80.68211362222415,0,1,6513.7017,-1.1516938,4,1,false,false,-22.411465,1.2575248,10.941783,-0.5162369,-0.3927116,3
56.14883,0.29588675,35.3488749586749,-80.68212099338477,0,1,6517.0044,-1.1446667,4,1,false,false,-22.47548,1.5060141,11.35771,-0.5228618,-0.4022609,3
56.17001,0.2961437,35.348869009978074,-80.68212836454539,0,1,6508.9194,-1.138372,4,1,false,false,-23.90208,1.4976566,12.865987,-0.5297325,-0.4240565,3
56.18969,0.29640093,35.348863150954564,-80.68213573570601,0,1,6510.8506,-1.1322234,4,1,false,false,-23.322292,1.4264339,12.35541,-0.5370319,-0.44883853,3
56.206768,0.2966583,35.348857291931054,-80.68214310686663,0,1,6524.573,-1.1270989,4,1,false,false,-23.402922,1.2709981,13.41977,-0.5446693,-0.46351278,3
56.22377,0.29691577,35.34885152368115,-80.68215069810951,0,1,6524.819,-1.120218,4,1,false,false,-24.50156,1.3902462,14.614467,-0.55244046,-0.4650939,3
56.240555,0.29717347,35.348845754881104,-80.68215817939519,0,1,6514.754,-1.1096783,4,1,false,false,-26.00128,1.4040356,15.377607,-0.5602211,-0.46964696,3
56.25544,0.29743138,35.34884007630451,-80.68216588059525,0,1,6518.2363,-1.0947467,4,1,false,false,-26.54926,1.1951485,15.773452,-0.5681434,-0.47955874,3
56.26797,0.29768935,35.34883439772793,-80.68217347183813,0,1,6529.0566,-1.0744013,4,1,false,false,-26.751215,1.134578,15.085592,-0.5762418,-0.4893033,3
56.281815,0.29794753,35.3488288093748,-80.68218117303819,0,1,6530.778,-1.0505437,4,1,false,false,-26.535927,1.2910444,15.286419,-0.5843866,-0.48448104,3
56.296772,0.298206,35.348823311245134,-80.68218898436331,0,1,6524.751,-1.0262494,4,1,false,false,-26.30672,1.3482134,14.646307,-0.59238,-0.47114268,3
56.31229,0.29846454,35.34881781311547,-80.68219679552057,0,1,6523.54,-0.9994686,4,1,false,false,-26.017939,1.3784603,13.643844,-0.6000354,-0.44689497,3
56.32785,0.29872322,35.348812314435655,-80.68220471680287,0,1,6528.372,-0.9723989,4,1,false,false,-25.747286,1.4001657,14.033753,-0.60736036,-0.43307886,3
56.34379,0.29898226,35.34880690652945,-80.68221263808519,0,1,6531.5215,-0.94635564,4,1,false,false,-25.574686,1.4407834,13.640794,-0.61455595,-0.43254772,3
56.361366,0.29924142,35.34880158829656,-80.68222066932469,0,1,6534.753,-0.92046046,4,1,false,false,-25.577713,1.5479989,14.523167,-0.62186867,-0.4470667,3
56.37916,0.29950064,35.34879627061381,-80.6822287005642,0,1,6540.8105,-0.8972012,4,1,false,false,-26.018047,1.5000489,14.774145,-0.6295053,-0.4682323,3
56.39665,0.29975995,35.348790952380924,-80.68223684192876,0,1,6542.509,-0.8767229,4,1,false,false,-26.297554,1.5504432,15.168748,-0.6374476,-0.48223135,3
56.41297,0.30001926,35.34878572492164,-80.68224498329332,0,1,6540.946,-0.8571231,4,1,false,false,-26.34283,1.4453495,14.888909,-0.6455193,-0.48073822,3
56.428726,0.30027872,35.34878058713567,-80.68225312449,0,1,6538.5186,-0.8436678,4,1,false,false,-24.964499,1.5098455,14.320619,-0.6532996,-0.44761285,3
56.445393,0.3005381,35.3487754493497,-80.68226137581176,0,1,6536.6406,-0.83328396,4,1,false,false,-24.492691,1.5887624,13.906097,-0.66036767,-0.39897305,3
56.46382,0.30079755,35.3487704017872,-80.68226973725858,0,1,6533.3223,-0.82392377,4,1,false,false,-24.940674,1.7015998,13.444593,-0.6666877,-0.36458835,3
56.48333,0.3010571,35.34876535422469,-80.68227809853752,0,1,6535.787,-0.81675786,4,1,false,false,-24.091204,1.6758451,12.533262,-0.6727312,-0.365761,3
56.502243,0.30131668,35.3487603963355,-80.68228645981647,0,1,6546.9976,-0.8091532,4,1,false,false,-21.968483,1.6055825,11.455226,-0.67901057,-0.38671267,3
56.522194,0.30157632,35.348755529219915,-80.68229482126327,0,1,6555.8643,-0.8028658,4,1,false,false,-21.618399,1.6913145,11.180895,-0.6855665,-0.39751187,3
56.54365,0.30183607,35.34875057188087,-80.68230329266729,0,1,6551.167,-0.7970165,4,1,false,false,-21.84748,1.7951627,11.043789,-0.69225025,-0.40072373,3
56.56532,0.3020959,35.3487457944386,-80.68231187402847,0,1,6545.139,-0.78575736,4,1,false,false,-21.12707,1.7830355,10.51753,-0.6988566,-0.39001843,3
56.586407,0.3023557,35.34874101754647,-80.68232045538967,0,1,6551.9873,-0.77420586,4,1,false,false,-21.498905,1.7281545,11.905996,-0.70530516,-0.3852326,3
56.606308,0.30261567,35.34873624010421,-80.68232903675086,0,1,6560.354,-0.7585603,4,1,false,false,-21.7641,1.7805823,12.15257,-0.7117916,-0.39307618,3
56.627235,0.30287576,35.34873155343554,-80.68233761811206,0,1,6561.4287,-0.7430633,4,1,false,false,-22.078634,1.7491889,11.711864,-0.71848416,-0.409057,3
56.648003,0.30313578,35.34872686621674,-80.68234630943043,0,1,6565.032,-0.72522676,4,1,false,false,-21.350557,1.7675184,11.468404,-0.72540045,-0.41596648,3
56.66789,0.30339596,35.34872217899793,-80.68235500091669,0,1,6567.9854,-0.71002316,4,1,false,false,-21.181293,1.781734,11.282484,-0.7322648,-0.40533122,3
56.688698,0.30365625,35.348717672226044,-80.68236380236013,0,1,6565.562,-0.69350505,4,1,false,false,-21.706379,1.8320334,11.26488,-0.7389312,-0.39500192,3
56.709858,0.3039165,35.3487130752307,-80.6823726036357,0,1,6567.2812,-0.67435575,4,1,false,false,-20.594906,1.8336185,10.357662,-0.7454515,-0.3866062,3
56.730625,0.3041769,35.34870865868227,-80.68238140507916,0,1,6576.905,-0.6495085,4,1,false,false,-19.736391,1.8094885,9.344832,-0.7518131,-0.3765483,3
56.75258,0.30443743,35.34870415191038,-80.68239031647978,0,1,6582.728,-0.6275862,4,1,false,false,-20.681372,1.9268787,10.763997,-0.7580338,-0.37439713,3
56.774868,0.304698,35.34869973536196,-80.68239922788041,0,1,6582.9204,-0.60683453,4,1,false,false,-21.738571,1.9194318,11.431744,-0.76445496,-0.39948857,3
56.79768,0.30495864,35.34869540903699,-80.68240813944892,0,1,6591.6343,-0.58886063,4,1,false,false,-20.913103,1.911623,10.416289,-0.7713537,-0.4246043,3
56.818913,0.30521938,35.34869108271203,-80.68241705084955,0,1,6602.379,-0.5752721,4,1,false,false,-21.185184,1.8476653,10.801651,-0.77853614,-0.43055668,3
56.84053,0.30548027,35.34868684606038,-80.68242607220738,0,1,6594.421,-0.56080663,4,1,false,false,-21.581871,1.9528896,11.551433,-0.78559035,-0.4109423,3
56.86203,0.3057412,35.34868260995888,-80.68243520369026,0,1,6583.111,-0.54400414,4,1,false,false,-22.121113,1.9089943,11.53517,-0.7922504,-0.38871673,3
56.882374,0.30600223,35.34867837330723,-80.68244422521596,0,1,6590.6226,-0.5253038,4,1,false,false,-21.27005,1.8401375,10.7422,-0.798571,-0.36899698,3
56.90174,0.3062634,35.34867422687904,-80.6824533566149,0,1,6604.799,-0.5033912,4,1,false,false,-20.30026,1.850983,10.920891,-0.8045639,-0.3514521,3
56.9237,0.30652457,35.34867017122446,-80.68246248809778,0,1,6610.882,-0.4789967,4,1,false,false,-20.883053,2.0128815,10.639994,-0.81036466,-0.3468776,3
56.94777,0.30678597,35.34866611501973,-80.68247172953787,0,1,6612.2134,-0.44861576,4,1,false,false,-19.962862,2.0525737,10.212927,-0.8161852,-0.35133156,3
56.971806,0.30704743,35.34866214903847,-80.68248097106188,0,1,6618.766,-0.41721654,4,1,false,false,-19.632782,2.0374432,10.896205,-0.8220752,-0.35417777,3
56.996845,0.30730906,35.3486581830572,-80.68249021250195,0,1,6625.9316,-0.38625777,4,1,false,false,-20.425053,2.184693,11.463483,-0.8279822,-0.35426947,3
57.02433,0.3075708,35.34865421707594,-80.68249945402596,0,1,6618.3193,-0.35033935,4,1,false,false,-20.15137,2.2852542,11.626211,-0.8339345,-0.35682914,3
57.05226,0.30783272,35.348650341318134,-80.68250880550715,0,1,6611.033,-0.32143226,4,1,false,false,-20.828913,2.2823915,12.119543,-0.83979213,-0.3449564,3
57.078213,0.30809477,35.34864655578379,-80.68251815698835,0,1,6612.06,-0.29223612,4,1,false,false,-20.553614,2.1305695,12.786607,-0.8454099,-0.32585213,3
57.103172,0.308357,35.348642769699296,-80.68252750846955,0,1,6611.6074,-0.26245907,4,1,false,false,-20.48932,2.1420991,12.306244,-0.8505895,-0.2957926,3
57.13137,0.30861935,35.34863898416496,-80.68253696999187,0,1,6609.06,-0.24173397,4,1,false,false,-20.153997,2.3249683,12.965589,-0.8553452,-0.2739469,3
57.159267,0.3088819,35.34863528885407,-80.68254643151421,0,1,6606.645,-0.21619421,4,1,false,false,-19.750515,2.2403355,13.5309105,-0.85974866,-0.2542939,3
57.187603,0.3091446,35.3486316832165,-80.68255589303654,0,1,6606.501,-0.20116326,4,1,false,false,-18.53767,2.238777,12.715142,-0.863886,-0.24065049,3
57.215633,0.3094075,35.34862807757894,-80.68256535455886,0,1,6609.0527,-0.19051065,4,1,false,false,-17.349169,2.1985734,12.39206,-0.86776996,-0.22345173,3
57.24456,0.3096706,35.348624472491515,-80.6825749261223,0,1,6607.311,-0.18467382,4,1,false,false,-16.38989,2.2113788,12.60922,-0.87135303,-0.2052154,3
57.27325,0.30993387,35.34862095707741,-80.68258449760182,0,1,6604.1533,-0.18248491,4,1,false,false,-15.223189,2.1863887,11.717655,-0.8746494,-0.18987459,3
57.30206,0.31019738,35.34861744166331,-80.68259406916526,0,1,6606.382,-0.18336059,4,1,false,false,-13.825058,2.233186,12.036583,-0.87771595,-0.17867206,3
57.331924,0.31046116,35.3486139262492,-80.68260364072871,0,1,6611.311,-0.18627848,4,1,false,false,-13.963487,2.196729,12.878673,-0.88075864,-0.18770458,3
57.360943,0.31072518,35.3486105016087,-80.68261332224935,0,1,6615.6484,-0.19153237,4,1,false,false,-12.83059,2.2342637,12.142345,-0.8839961,-0.19900759,3
57.391193,0.31098935,35.348607076418055,-80.6826228938128,0,1,6621.371,-0.19941205,4,1,false,false,-12.643431,2.1661913,11.952389,-0.8874634,-0.21416815,3
57.418537,0.3112538,35.348603741450866,-80.68263257533344,0,1,6622.606,-0.2067087,4,1,false,false,-12.269761,2.0602286,12.212528,-0.8911169,-0.2201836,3
57.447247,0.31151855,35.348600316260224,-80.68264225685408,0,1,6622.468,-0.21283709,4,1,false,false,-12.789083,2.1688976,12.763331,-0.89484537,-0.22640954,3
57.474186,0.31178346,35.348596981293035,-80.68265193845866,0,1,6627.947,-0.2195502,4,1,false,false,-11.28919,1.934358,10.372072,-0.8987126,-0.23118094,3
57.497116,0.3120486,35.348593735999174,-80.68266173002043,0,1,6633.798,-0.22305278,4,1,false,false,-8.633549,1.757542,4.931374,-0.90223676,-0.18846154,3
57.52006,0.31231415,35.348590401031984,-80.68267141154107,0,1,6632.645,-0.22567971,4,1,false,false,-7.893976,1.9098752,4.254787,-0.9049581,-0.14499266,3
57.542156,0.31257993,35.34858715628826,-80.68268120310283,0,1,6628.2134,-0.2294743,4,1,false,false,-6.965529,1.6599339,2.1106539,-0.9069847,-0.11539093,3
57.55089,0.31284586,35.34858391154454,-80.6826909946646,0,1,6671.024,-0.23910642,4,1,false,false,-6.4422917,0.7355893,1.3138801,-0.90909356,-0.16501029,3
57.559902,0.3131122,35.348580666800814,-80.68270067626918,0,1,6818.7773,-0.25895587,4,1,false,false,-8.527601,1.3002456,4.536201,-0.9125291,-0.25716558,3
57.591454,0.31337866,35.348577421506945,-80.68271046783094,0,1,6873.162,-0.28041285,4,1,false,false,-10.704913,3.2149587,5.635566,-0.9175743,-0.34402618,3
57.655235,0.31364542,35.34857426698669,-80.6827203693499,0,1,6740.316,-0.29851332,4,1,false,false,-14.439405,4.5753136,9.707946,-0.9239113,-0.4074277,3
57.714256,0.31391212,35.348571022242965,-80.68273016099559,0,1,6625.026,-0.31092122,4,1,false,false,-17.906597,3.2754316,12.986033,-0.93097895,-0.4235905,3
57.737083,0.31417906,35.348567957396014,-80.68274006251455,0,1,6646.7915,-0.31427824,4,1,false,false,-20.065405,1.3102281,14.600338,-0.93782395,-0.38846272,3
57.746754,0.31444606,35.34856480287576,-80.68274985407632,0,1,6707.352,-0.30610365,4,1,false,false,-22.205536,1.2740588,16.089325,-0.9439142,-0.3391139,3
57.765957,0.31471306,35.348561828252265,-80.68275986572033,0,1,6690.3867,-0.28625146,4,1,false,false,-22.383703,2.173497,16.214056,-0.9492095,-0.29951632,3
57.794674,0.31498015,35.34855885362878,-80.68276976732322,0,1,6654.026,-0.2542856,4,1,false,false,-20.880634,2.2096508,13.509266,-0.9540063,-0.27567267,3
57.817734,0.3152474,35.34855587955544,-80.6827797788833,0,1,6668.746,-0.2113784,4,1,false,false,-17.86161,1.76812,11.244677,-0.95837116,-0.2470946,3
57.83686,0.31551468,35.348552995155416,-80.6827896804862,0,1,6696.41,-0.16205752,4,1,false,false,-13.231108,1.6225516,6.429268,-0.96206737,-0.19007538,3
57.859962,0.31578213,35.34855011075539,-80.6827996921302,0,1,6685.9634,-0.103116386,4,1,false,false,-10.018406,2.0858684,3.697658,-0.9646845,-0.12922186,3
57.88812,0.31604972,35.34854731657883,-80.68280970369028,0,1,6676.172,-0.050605863,4,1,false,false,-8.590812,2.0735135,4.281801,-0.9665178,-0.09976532,3
57.91227,0.31631744,35.348544522402264,-80.68281982529149,0,1,6704.2646,-0.001021117,4,1,false,false,-5.425645,1.7639283,7.0708375,-0.96817756,-0.10853006,3
57.943035,0.3165853,35.348541728225705,-80.68282983693551,0,1,6779.389,0.026684914,4,1,false,false,-5.1878586,2.438006,11.200076,-0.9700689,-0.11303312,3
57.986267,0.31685334,35.34853893404914,-80.68283984849559,0,1,6774.377,0.038787197,4,1,false,false,-5.5669365,3.321523,12.698471,-0.9718532,-0.08888517,3
58.03666,0.31712157,35.34853613987257,-80.68284997018073,0,1,6676.561,0.038640592,4,1,false,false,-6.590796,3.0324936,17.72227,-0.9730001,-0.03477535,3
58.066486,0.3173899,35.34853334569601,-80.6828599817408,0,1,6627.941,0.030038083,4,1,false,false,-5.721514,1.501272,18.775581,-0.97311556,0.027469816,3
58.07601,0.31765836,35.34853064119277,-80.68287010334201,0,1,6677.9873,0.01735278,4,1,false,false,-3.8358407,0.85499114,16.216953,-0.9723056,0.070564374,3
58.085297,0.31792673,35.3485278470162,-80.68288022502716,0,1,6702.3936,0.0061244406,4,1,false,false,-2.1326034,1.3214905,14.916827,-0.9709283,0.088379614,3
58.111866,0.31819513,35.3485251430631,-80.68289034662837,0,1,6680.0845,-0.006270478,4,1,false,false,-0.29071462,2.2547565,13.888643,-0.96951294,0.07348174,3
58.137695,0.31846368,35.34852234888653,-80.68290046822956,0,1,6684.362,-0.017936915,4,1,false,false,0.5301701,1.8083838,10.38719,-0.96850127,0.044074077,3
58.157215,0.31873226,35.34851964493343,-80.68291058983077,0,1,6740.695,-0.026395664,4,1,false,false,0.9855253,1.520044,7.2795653,-0.9679626,0.021931456,3
58.181255,0.31900084,35.348516940980325,-80.68292060147479,0,1,6774.707,-0.03412536,4,1,false,false,1.726613,2.130628,8.409887,-0.96769834,0.0114611015,3
58.216583,0.3192696,35.348514146803765,-80.682930723076,0,1,6743.337,-0.039521318,4,1,false,false,1.118296,2.7237031,10.160496,-0.967621,-0.0016101823,3
58.255043,0.31953838,35.34851144230052,-80.6829408446772,0,1,6724.612,-0.042730138,4,1,false,false,1.3305016,2.451897,11.221852,-0.9677675,-0.012629462,3
58.28304,0.31980726,35.34850864812395,-80.68295096636234,0,1,6742.5566,-0.045209352,4,1,false,false,0.35011727,1.9829761,11.379632,-0.96813154,-0.02633775,3
58.31099,0.32007623,35.34850585394739,-80.68296119792073,0,1,6743.431,-0.046521977,4,1,false,false,-0.32418358,2.1963084,14.716311,-0.9686871,-0.03663509,3
58.33795,0.32034522,35.348503149994286,-80.68297131960588,0,1,6721.597,-0.04754309,4,1,false,false,-0.6980368,1.9096766,13.522815,-0.9693878,-0.04383832,3
58.291115,0.3206141,35.34850035581772,-80.68298144120708,0,1,6734.8784,-0.04885572,0,1,false,false,-1.3516396,-5.7735434,10.5132885,-0.97015464,-0.048082624,3
58.239094,0.32088262,35.34849765186462,-80.68299156280828,0,1,6220.43,-0.050022293,5,1,false,false,-0.16420881,1.5353243,15.095724,-0.97096944,-0.052368645,3
58.347923,0.3211512,35.34849485768805,-80.68300168440949,0,1,5551.1895,-0.05148095,5,1,false,false,-2.2761714,6.570973,11.791643,-0.97199696,-0.07124342,3
58.37683,0.32142007,35.34849215373495,-80.68301180609464,0,1,5654.208,-0.052356027,5,1,false,false,-2.1160362,-2.5482748,7.245165,-0.9733234,-0.08676282,3
58.35131,0.3216888,35.34848935955839,-80.68302192769585,0,1,5849.9443,-0.055273343,5,1,false,false,-1.3820102,1.4781225,11.682171,-0.9747694,-0.08426056,3
58.37809,0.32195756,35.34848665505514,-80.68303215933817,0,1,5777.828,-0.059794795,5,1,false,false,-4.547742,2.5055761,8.175773,-0.97617316,-0.086570926,3
58.42112,0.32222635,35.34848395110204,-80.68304228093938,0,1,5670.192,-0.062127963,5,1,false,false,-4.760764,2.692848,9.600115,-0.97773623,-0.10109182,3
58.439297,0.32249525,35.34848124714894,-80.68305240254058,0,1,5788.462,-0.06548337,5,1,false,false,-3.4362113,0.9282043,10.900268,-0.97942233,-0.09398777,3
58.4503,0.3227642,35.34847854319583,-80.68306263418292,0,1,5769.411,-0.06898314,5,1,false,false,-5.0949397,1.9945074,6.580606,-0.9807435,-0.07068221,3
58.48386,0.32303315,35.34847583924273,-80.68307286582524,0,1,5710.0034,-0.071317434,5,1,false,false,-7.4848986,2.0297954,9.304117,-0.98196167,-0.07502144,3
58.498627,0.32330224,35.348473134739486,-80.68308298742645,0,1,5735.588,-0.07554738,5,1,false,false,-5.307496,1.3132439,10.54414,-0.9831948,-0.07353679,3
58.519413,0.32357135,35.34847043078638,-80.68309321906878,0,1,5787.131,-0.0841533,5,1,false,false,-7.3198833,2.0286322,12.846764,-0.9846846,-0.10743487,3
58.552288,0.32384053,35.348467817056736,-80.68310345071112,0,1,5766.6,-0.09028,5,1,false,false,-7.8991275,2.4982822,15.112982,-0.9867304,-0.13991016,3
58.584686,0.32410982,35.348465113103636,-80.68311368235344,0,1,5737.7324,-0.09465651,5,1,false,false,-8.23159,2.1530852,16.866127,-0.9892346,-0.1585068,3
58.59972,0.32437924,35.34846249882385,-80.68312391399577,0,1,5754.742,-0.09465653,5,1,false,false,-8.893742,0.9561111,15.210206,-0.99175566,-0.14427258,3
58.606697,0.32464862,35.34845997531767,-80.6831341456381,0,1,5752.4785,-0.09028001,5,1,false,false,-7.504695,1.090646,14.162044,-0.9938417,-0.106285475,3
58.61557,0.32491803,35.34845736103788,-80.68314437728044,0,1,5733.347,-0.08181955,5,1,false,false,-6.7247972,1.1092021,12.777866,-0.9952785,-0.06850297,3
58.62613,0.32518747,35.34845474730824,-80.68315460892276,0,1,5742.8486,-0.07248404,5,1,false,false,-6.056681,1.3978671,10.679574,-0.99631447,-0.059023097,3
58.63522,0.32545698,35.348452223802056,-80.68316495060623,0,1,5778.9,-0.06504529,5,1,false,false,-2.0290878,1.0534306,5.709698,-0.9973893,-0.062193915,3
58.64515,0.32572657,35.348449699745736,-80.68317518224855,0,1,5798.999,-0.06271154,5,1,false,false,-1.9658314,1.3603673,0.78992903,-0.99844813,-0.062231597,3
58.66548,0.32599622,35.34844717623955,-80.68318541389088,0,1,5805.2256,-0.06446227,5,1,false,false,-2.8930957,2.0711627,4.0467477,-0.9995719,-0.06750645,3
58.679813,0.32626608,35.34844456195977,-80.68319575553237,0,1,5799.6543,-0.071608976,5,1,false,false,-2.4421484,0.87880015,2.4037,-1.0008361,-0.08171301,3
58.69229,0.32653603,35.348442038453584,-80.6832059871747,0,1,5892.9043,-0.084153295,5,1,false,false,-3.3200216,1.7254654,3.6784744,-1.0024607,-0.11344891,3
58.734394,0.32680607,35.348439514397256,-80.68321632881619,0,1,5912.1797,-0.099031955,5,1,false,false,-6.8682775,3.7082617,8.948791,-1.0046662,-0.15086247,3
58.78632,0.3270765,35.348436990891074,-80.68322667049965,0,1,5749.021,-0.110556275,5,1,false,false,-8.209988,3.3166654,11.15699,-1.0073674,-0.17537244,3
58.816357,0.32734713,35.34843455705821,-80.68323701214113,0,1,5761.2754,-0.11930995,5,1,false,false,-9.392332,1.2820243,11.143785,-1.0102901,-0.17216882,3
58.81716,0.32761782,35.348432033001885,-80.68324735378262,0,1,5819.298,-0.11989295,5,1,false,false,-10.932708,0.83004,12.73319,-1.012831,-0.1337346,3
58.833805,0.32788858,35.34842959971917,-80.68325769546608,0,1,5763.4214,-0.11332814,5,1,false,false,-9.584718,1.8205236,11.355872,-1.0147713,-0.09696032,3
58.850307,0.32815945,35.3484271658863,-80.68326803710757,0,1,5748.6074,-0.10078268,5,1,false,false,-7.9713044,1.2751628,7.4719567,-1.0162187,-0.07559847,3
58.85956,0.3284304,35.34842473205344,-80.68327837874905,0,1,5809.112,-0.084882885,5,1,false,false,-5.9200478,1.022414,5.436264,-1.0175381,-0.07755746,3
58.87206,0.32870138,35.34842238899418,-80.68328872043251,0,1,5815.296,-0.07423476,5,1,false,false,-4.070738,1.500088,2.656787,-1.018912,-0.08256059,3
58.88874,0.3289724,35.34841995516131,-80.68329917207316,0,1,5828.26,-0.06373267,5,1,false,false,-2.9432724,1.4659282,0.80890524,-1.0204159,-0.091912165,3
58.905285,0.32924357,35.34841761155191,-80.68330951375661,0,1,5880.6147,-0.057460494,5,1,false,false,-2.5194852,1.3578817,-1.0582622,-1.021986,-0.0916527,3
58.92846,0.32951477,35.34841526794251,-80.68331996543922,0,1,5872.059,-0.05629391,5,1,false,false,-3.1504576,2.1957855,2.228719,-1.0235577,-0.094169594,3
58.95962,0.3297861,35.34841283410964,-80.68333030708072,0.013054668,0.90842795,5844.8315,-0.058044627,5,1,false,false,-3.9048612,2.3453312,3.7035372,-1.0252285,-0.10275508,3
58.98708,0.3300576,35.34841049105038,-80.68334075876334,0.07876752,0.77366745,5817.3306,-0.05994026,5,1,false,false,-4.6663566,1.871571,4.9346514,-1.0270208,-0.11094146,3
58.992886,0.33032915,35.34840814744098,-80.68335110040482,0.21310677,0.56985426,5746.7764,-0.060231775,5,1,false,false,-6.8440022,-0.5383675,8.855813,-1.0289178,-0.11326885,3
58.93683,0.3306006,35.348405803831575,-80.68336155208743,0.3478817,0.38831335,5663.5977,-0.05527335,5,1,false,false,-5.003479,-4.9354873,6.884983,-1.0306596,-0.0880484,3
58.79632,0.33087155,35.348403460222166,-80.68337200377005,0.513214,0.21357006,5663.98,-0.043313157,5,1,false,false,-6.0245147,-10.194061,7.297244,-1.0317528,-0.042501427,3
58.570507,0.33114165,35.34840120683623,-80.68338234541153,0.63854605,0.11396778,5687.661,-0.027854312,5,1,false,false,-5.5621066,-14.556498,8.715018,-1.0322806,-0.015323246,3
58.317142,0.33141065,35.34839886322682,-80.68339268705303,0.7393286,0.029116217,5601.192,-0.008312145,5,1,false,false,-2.128811,-14.220773,6.5661774,-1.0325896,-0.008649348,3
58.049534,0.33167842,35.348396609840876,-80.68340302873648,0.7811662,-2.7939677e-09,5451.9062,0.0055408673,5,1,false,false,-1.8694985,-16.811415,4.3290057,-1.0326939,-0.0038442125,3
57.751957,0.33194494,35.34839435645494,-80.68341326037881,0.8076687,0,5360.1396,0.014144522,5,1,false,false,-1.6401846,-16.943037,2.1303775,-1.0329205,-0.020059533,3
57.460598,0.33221006,35.348392193292455,-80.68342349202115,0.8318695,0,5281.351,0.013853014,5,1,false,false,-0.52150494,-16.881172,1.8577857,-1.0334759,-0.03416812,3
57.17267,0.33247387,35.34838993990651,-80.68343361362234,0.846573,0,5206.8584,0.004957854,5,1,false,false,-0.43061236,-16.347246,2.2019837,-1.0340031,-0.022547813,3
56.907593,0.33273643,35.34838768652057,-80.68344373526553,0.85288286,0,5040.4434,-0.010353817,5,1,false,false,-1.0786982,-14.847003,1.3519375,-1.0345403,-0.03874728,3
56.636814,0.3329978,35.34838552335808,-80.68345374686757,0.85010535,0,4609.2456,-0.028729396,5,1,false,false,-0.9850326,-16.541664,3.0210361,-1.0353341,-0.049884807,3
56.31278,0.33325782,35.348383360195605,-80.68346375846961,0.8480128,0,4526.313,-0.04520934,5,1,false,false,-0.534549,-20.487,6.0619297,-1.0361438,-0.04523366,3
55.965477,0.33351627,35.34838119703312,-80.68347366003054,0.84533226,0,4475.311,-0.05687747,5,1,false,false,-1.9175577,-20.847672,6.304886,-1.036917,-0.050878104,3
55.594822,0.3337731,35.34837903332049,-80.68348356163344,0.83758545,0,4424.9346,-0.06373267,5,1,false,false,-2.3968031,-22.613188,6.3498864,-1.037905,-0.06944127,3
55.194237,0.33402818,35.34837687015801,-80.68349335319519,0.8221571,0,4375.7896,-0.06562885,5,1,false,false,-2.8725648,-24.290524,7.857335,-1.0392789,-0.09287083,3
54.789658,0.33428138,35.34837479721899,-80.68350314475695,0.8052295,0,4641.2026,-0.06431565,5,1,false,false,-3.1546745,-24.02178,7.8746715,-1.0409867,-0.11219244,3
54.400383,0.3345328,35.34837272427997,-80.68351282631957,0.7807173,0,4679.6924,-0.06052383,5,1,false,false,-3.5538113,-21.853508,6.007328,-1.0431232,-0.13953443,3
54.068954,0.33478254,35.348370650790805,-80.68352239784105,0.75558263,0,4623.7676,-0.05556486,5,1,false,false,-2.703921,-18.394331,3.1907973,-1.045662,-0.15677498,3
53.763493,0.33503082,35.34836857785178,-80.68353196938352,0.7273617,0,4569.397,-0.049730785,5,1,false,false,-2.728492,-17.419939,2.5449166,-1.0483414,-0.15775706,3
53.487965,0.33527783,35.34836650491276,-80.683541540905,0.6941178,0,4516.785,-0.042292602,5,1,false,false,-1.7560048,-14.90004,0.72158736,-1.05107,-0.15848213,3
53.28874,0.33552378,35.348364521647056,-80.68355100242732,0.66999507,0,4264.6865,-0.03631306,5,1,false,false,-0.9928065,-10.114431,-1.9410092,-1.0537355,-0.15184282,3
53.109722,0.33576885,35.3483625389315,-80.68356046394965,0.65317166,0,4053.7864,-0.029895991,5,1,false,false,-0.79050505,-10.461839,-0.8669471,-1.0562524,-0.13835253,3
52.923233,0.3360131,35.348360465442326,-80.68356981543084,0.6387934,0,3970.638,-0.02420796,5,1,false,false,-1.4028414,-11.556433,0.6744324,-1.0585948,-0.13662274,3
52.721157,0.33625653,35.348358482726766,-80.68357916693303,0.63125235,0,3714.5723,-0.019104071,5,1,false,false,-1.8262506,-12.390141,2.715438,-1.0609838,-0.14503695,3
52.488884,0.33649892,35.34835649946106,-80.68358851843522,0.6232293,0,3552.7874,-0.013853576,5,1,false,false,-2.7181563,-15.433184,4.909183,-1.0635473,-0.16063166,3
52.216328,0.33674014,35.3483545167455,-80.6835978699374,0.6184364,0,3525.42,-0.01020778,5,1,false,false,-3.9232912,-16.926046,5.7738404,-1.0664529,-0.19183683,3
51.907986,0.33698004,35.348352623703256,-80.68360711141943,0.61223507,0,3496.8767,-0.006708582,5,1,false,false,-4.964212,-19.859425,8.804761,-1.0699618,-0.22679225,3
51.56871,0.33721846,35.3483506409877,-80.68361624288134,0.6066222,0,3469.438,-0.003937866,5,1,false,false,-6.248335,-20.668549,11.577272,-1.0740714,-0.26940718,3
51.21577,0.33745527,35.34834874794545,-80.68362537434324,0.5945158,0,3830.1042,-0.0010211167,5,1,false,false,-7.564412,-20.997583,11.531683,-1.0790356,-0.32912138,3
50.87448,0.33769044,35.34834685545335,-80.68363450580514,0.5850495,0,4108.3804,0.002478646,5,1,false,false,-8.512065,-20.038563,10.790335,-1.0851382,-0.40303534,3
50.535423,0.3379241,35.34834505263457,-80.6836435272469,0.5762391,0,4066.208,0.0068534906,5,1,false,false,-9.633438,-19.788548,10.241041,-1.0924399,-0.47198907,3
50.200794,0.33815616,35.348343249815784,-80.68365243866852,0.56878275,0,4024.8115,0.014436591,5,1,false,false,-11.121655,-19.33922,9.408457,-1.1007674,-0.52207994,3
49.88613,0.3383867,35.348341446997004,-80.68366135009013,0.56229657,0,4087.863,0.02478928,5,1,false,false,-12.8560705,-17.661644,9.069812,-1.109654,-0.53953624,3
49.586887,0.3386159,35.348339734401684,-80.68367026153274,0.55526096,0,4555.2964,0.038349096,5,1,false,false,-12.426732,-17.023209,9.086565,-1.118793,-0.5613783,3
49.30602,0.3388437,35.348338021806356,-80.68367906293422,0.5490121,0,4497.9497,0.056282636,5,1,false,false,-14.135648,-15.161404,8.087978,-1.12842,-0.59139353,3
49.05843,0.33907032,35.348336399434494,-80.68368786434618,0.5425592,0,4447.141,0.07421503,5,1,false,false,-14.472111,-13.157748,7.9591074,-1.1384166,-0.60460377,3
48.8366,0.33929583,35.34833477706263,-80.68369666575815,0.5376586,0,4684.43,0.09710277,0,1,false,false,-13.941181,-12.185934,7.2378936,-1.1484314,-0.5936611,3
48.617344,0.3395203,35.34833315469077,-80.68370535714998,0.53103304,0,4628.466,0.13033752,4,1,false,false,-14.676694,-12.080039,7.5295253,-1.1582004,-0.5743107,3
48.388954,0.33974376,35.34833162254237,-80.6837140485418,0.5199222,0,4879.698,0.16342291,4,1,false,false,-13.373045,-13.215904,7.569489,-1.1676991,-0.563902,3
48.155045,0.33996615,35.34833008984383,-80.68372273993363,0.5060805,0,4924.6313,0.20947373,4,1,false,false,-14.540819,-12.469579,8.221919,-1.1772743,-0.58792186,3
47.929276,0.3401875,35.34832864791888,-80.68373132130532,0.4898631,0,4861.117,0.26047066,4,1,false,false,-15.002506,-12.209482,9.397747,-1.1874202,-0.6290646,3
47.70567,0.34040776,35.3483272054438,-80.683739902677,0.47534162,0,4648.6626,0.30752552,4,1,false,false,-16.925865,-11.999868,10.875063,-1.1982293,-0.6719993,3
47.48438,0.34062696,35.348325853742324,-80.68374848405918,0.45637152,0,4441.9946,0.36942762,4,1,false,false,-17.09083,-11.490034,9.772212,-1.2096432,-0.6919371,3
47.27571,0.34084514,35.3483245014907,-80.68375706543085,0.43987104,0,4392.711,0.42476445,4,1,false,false,-16.846834,-10.348461,8.55995,-1.2209991,-0.6685934,3
47.071815,0.3410624,35.34832324001268,-80.68376553678765,0.41481352,0,4457.721,0.49581254,4,1,false,false,-15.411602,-10.909502,6.961624,-1.2317544,-0.6154892,3
46.858616,0.3412786,35.34832197798452,-80.68377400814444,0.39104035,0,4744.513,0.5591296,4,1,false,false,-14.158523,-11.443209,7.02452,-1.241457,-0.5469716,3
46.647614,0.34149387,35.348320715956355,-80.68378247950123,0.3608818,0,4706.029,0.63989353,4,1,false,false,-15.227836,-10.303552,8.414154,-1.2505099,-0.5411588,3
46.459885,0.34170818,35.34831954415165,-80.68379084083787,0.33765745,0,4648.8027,0.7111787,4,1,false,false,-14.156484,-8.760103,8.445488,-1.2598505,-0.5793031,3
46.30884,0.3419218,35.34831837234695,-80.68379920217977,0.30664316,0,4583.817,0.80469596,4,1,false,false,-12.353618,-7.0764065,6.2164283,-1.270058,-0.6418487,3
46.167255,0.34213498,35.348317290765706,-80.68380756351642,0.26530778,0,4326.658,0.9054513,4,1,false,false,-13.407376,-7.542148,6.4517293,-1.2810456,-0.67361057,3
45.997116,0.3423474,35.34831620918447,-80.68381592485831,0.22980946,0,4252.393,0.99439996,4,1,false,false,-14.609855,-8.655512,7.186418,-1.2922213,-0.6651155,3
45.81784,0.34255904,35.34831512760323,-80.68382428619759,0.18708743,0,4228.993,1.1075805,4,1,false,false,-14.595063,-8.543851,8.206403,-1.3029814,-0.62169486,3
45.625916,0.3427697,35.34831413624545,-80.68383253751803,0.14348891,0,4673.294,1.2311709,4,1,false,false,-14.01051,-10.255704,9.430792,-1.3128576,-0.55883163,3
45.42536,0.3429794,35.348313144337524,-80.68384078883977,0.11002132,0,4793.2866,1.3397579,4,1,false,false,-14.984971,-9.009618,10.682416,-1.3217862,-0.5097662,3
45.264164,0.34318826,35.3483122432032,-80.68384904016153,0.07981185,0,4734.081,1.4478679,4,1,false,false,-13.52996,-6.117345,9.807786,-1.3299947,-0.47718897,3
45.140682,0.34339646,35.34831134206888,-80.68385729148328,0.04758887,0,4677.339,1.5623189,4,1,false,false,-12.795731,-5.296974,9.61672,-1.3378406,-0.46219426,3
45.01436,0.34360397,35.34831044038442,-80.68386543278751,0.026630763,0,4772.959,1.6351132,4,1,false,false,-12.230823,-5.9976015,9.129266,-1.3451945,-0.4186774,3
44.87985,0.34381077,35.34830962947356,-80.68387368410927,0.009126123,0,4942.159,1.690495,4,1,false,false,-12.000811,-5.8834767,8.333198,-1.3515463,-0.3425253,3
44.76125,0.34401697,35.348308818012555,-80.6838818254122,0,0,4889.899,1.7128179,4,1,false,false,-12.723486,-4.554495,8.812641,-1.3564222,-0.24167569,3
44.658443,0.3442227,35.3483080071017,-80.68388996671644,0,0,4868.978,1.7102089,4,1,false,false,-13.591053,-3.7463212,9.350266,-1.3595276,-0.13242546,3
44.555977,0.34442782,35.34830728586416,-80.68389810802066,0,0,4980.7036,1.694409,4,1,false,false,-14.170657,-3.8189704,8.381587,-1.3608267,-0.023356352,3
44.455696,0.3446324,35.34830656462662,-80.68390624932228,0,0,4965.7344,1.6745483,4,1,false,false,-14.721447,-3.6547537,9.859441,-1.3603731,0.079928294,3
44.360786,0.34483653,35.34830584338907,-80.68391428060899,0,0,4913.009,1.6464223,4,1,false,false,-14.113055,-3.3521988,9.777457,-1.3582795,0.17302647,3
44.275414,0.34504026,35.34830521292513,-80.68392242191585,0,0,4954.254,1.6172787,4,1,false,false,-11.812206,-3.0663555,6.268573,-1.3547286,0.2568758,3
44.199196,0.34524357,35.34830458191105,-80.68393045320256,0,0,4957.9116,1.5716,4,1,false,false,-10.101371,-3.4283016,4.6182413,-1.3498113,0.3346322,3
44.11917,0.34544644,35.34830395089697,-80.68393848448927,0,0,4911.406,1.5005295,4,1,false,false,-9.793635,-3.5196598,5.200355,-1.3436772,0.40604964,3
44.043068,0.34564894,35.348303410106354,-80.6839466257909,0,0,4930.8945,1.4147862,4,1,false,false,-9.218344,-3.215124,5.879483,-1.3363662,0.47480416,3
43.987118,0.34585115,35.34830286931573,-80.68395465708285,0,0,4940.216,1.2991152,4,1,false,false,-8.346014,-2.073223,5.698049,-1.3279989,0.5283253,3
43.944008,0.34605312,35.34830232852511,-80.68396268836432,0,0,4910.122,1.1668413,4,1,false,false,-9.193108,-1.7191966,6.6156173,-1.3188826,0.56529415,3
43.90014,0.3462548,35.348301877407806,-80.6839707196458,0,0,4927.0513,0.99817795,4,1,false,false,-10.3313465,-2.2452834,7.2471614,-1.3092213,0.5938483,3
43.844078,0.3464563,35.34830133661718,-80.68397875093775,0,0,4956.5493,0.84831744,4,1,false,false,-12.621471,-2.6306565,9.028661,-1.2989998,0.63215786,3
43.7907,0.3466575,35.348300886050026,-80.68398678221922,0,0,4963.706,0.6441126,4,1,false,false,-13.671026,-2.4725525,10.533572,-1.2880712,0.67495316,3
43.741684,0.34685853,35.34830052570633,-80.68399470349104,0,0,4971.039,0.5083314,4,1,false,false,-13.510994,-2.5384438,11.525591,-1.2766306,0.6956068,3
43.69379,0.34705922,35.348300164812485,-80.68400273478301,0,0,4991.464,0.32369423,4,1,false,false,-11.561379,-2.592971,9.786307,-1.264928,0.6991953,3
43.65161,0.34725976,35.34829980446879,-80.68401076606447,0,0,5000.778,0.14272678,4,1,false,false,-8.274301,-2.4472885,9.607916,-1.2536219,0.64960027,3
43.61861,0.34746015,35.34829944412509,-80.68401868733629,0,0,4993.781,0.00087451935,4,1,false,false,-3.5350037,-2.1041632,9.345502,-1.2436112,0.5391587,3
43.5875,0.34766036,35.348299173454706,-80.68402671861777,0,0,4981.906,-0.15213564,4,1,false,false,-1.8998828,-1.9956573,8.734889,-1.2360231,0.36705422,3
43.557705,0.34786043,35.34829881311101,-80.68403474990973,0,0,4983.585,-0.2646484,4,1,false,false,-2.8381796,-2.0941575,7.793237,-1.2314649,0.18254396,3
43.527977,0.3480604,35.3482984527673,-80.68404267117106,0,0,4984.8813,-0.34274775,4,1,false,false,-2.3613627,-1.9839903,6.8410735,-1.2298253,0.01941434,3
43.499077,0.34826016,35.348298182096926,-80.68405059245337,0,0,4975.5786,-0.3970643,4,1,false,false,-2.4419725,-1.9649191,6.628219,-1.2306474,-0.11404317,3
43.47168,0.34845984,35.34829791142654,-80.68405862373484,0.009105636,0,4967.559,-0.41429588,4,1,false,false,-3.2785199,-2.0669534,6.492522,-1.2334849,-0.21940976,3
43.43806,0.34865937,35.348297551082844,-80.68406654499617,0.014372025,0,4962.2095,-0.40889192,4,1,false,false,-4.561824,-2.3776715,6.66711,-1.2377856,-0.2927155,3
43.401707,0.34885868,35.348297280962605,-80.6840744662575,0.018406112,0,4963.2603,-0.38888627,4,1,false,false,-5.8857946,-2.5243042,7.072988,-1.2431074,-0.34137377,3
43.36454,0.3490578,35.34829701029222,-80.68408249755996,0.02036264,0,4961.2207,-0.3656702,4,1,false,false,-7.814344,-2.5112095,8.314395,-1.2490574,-0.3711915,3
43.327545,0.34925672,35.34829674017198,-80.68409041882128,0.021151828,0,4954.3076,-0.3366154,4,1,false,false,-9.578033,-2.4676695,9.584298,-1.2554829,-0.39939496,3
43.289352,0.34945554,35.348296559725064,-80.68409834008261,0.020694265,0,4949.1626,-0.3113587,4,1,false,false,-10.054506,-2.612495,9.19778,-1.2623061,-0.41492665,3
43.250076,0.3496541,35.34829637927814,-80.68410626136492,0.020677928,0,4948.2495,-0.29340369,4,1,false,false,-10.949611,-2.6361313,9.658363,-1.2692256,-0.41385302,3
43.209118,0.34985253,35.34829619938136,-80.68411418262625,0.01946844,0,4945.077,-0.27690923,4,1,false,false,-11.843717,-2.6992211,9.959757,-1.276029,-0.40033123,3
43.16571,0.3500507,35.34829601893444,-80.68412210388757,0.015963864,0,4938.0522,-0.26698393,4,1,false,false,-12.308397,-2.787665,8.740907,-1.2824646,-0.3684058,3
43.1236,0.35024875,35.34829592871098,-80.68413002516989,0.011741187,0,4931.7544,-0.26567012,4,1,false,false,-13.060444,-2.5562916,9.569875,-1.2883055,-0.3355349,3
43.08372,0.35044658,35.34829583848752,-80.68413794643122,0.0059019625,0,4929.3516,-0.27209222,4,1,false,false,-13.9266205,-2.5100055,10.722679,-1.2937456,-0.3192466,3
43.0459,0.35064423,35.34829583848752,-80.68414586769255,0.002412553,0,4928.4927,-0.28289372,4,1,false,false,-14.782674,-2.3166099,11.331406,-1.2990649,-0.3214268,3
43.011204,0.35084173,35.34829583848752,-80.68415367895471,-1.7462298e-10,0,4927.7725,-0.29573923,4,1,false,false,-14.520804,-2.1806836,9.878129,-1.3045778,-0.34205553,3
42.977146,0.35103908,35.34829583848752,-80.68416160021604,0,0,4928.3906,-0.3084391,4,1,false,false,-13.838843,-2.2470675,9.74425,-1.3103868,-0.35187516,3
42.941658,0.35123634,35.34829592871098,-80.68416941147822,0,0,4922.2676,-0.3132566,4,1,false,false,-13.557506,-2.2519472,8.590528,-1.3161683,-0.33990306,3
42.90531,0.35143337,35.34829601893444,-80.68417733273954,0,0,4909.57,-0.30508196,4,1,false,false,-14.050387,-2.3314495,8.531057,-1.3216403,-0.31448984,3
42.867317,0.35163027,35.3482961091579,-80.68418514400172,0,0,4899.5347,-0.29033813,4,1,false,false,-14.10022,-2.370106,8.918487,-1.3265969,-0.28013855,3
42.828884,0.351827,35.34829628905468,-80.68419306526305,0,0,4899.1924,-0.25895596,4,1,false,false,-12.021668,-2.3677754,8.443495,-1.3310171,-0.24706475,3
42.79363,0.3520236,35.3482964695016,-80.68420087650424,0,0.0027590394,4900.0796,-0.22655588,4,1,false,false,-12.264567,-2.1249774,8.810007,-1.3349757,-0.2297288,3
42.762318,0.35222006,35.34829674017198,-80.68420868774541,0,0.03053424,4900.1016,-0.18409018,4,1,false,false,-12.452599,-1.9389706,8.542533,-1.3388577,-0.23734464,3
42.739334,0.3524164,35.34829692006876,-80.68421660902773,0,0.75,5235.069,-0.14133918,0,1,false,false,-10.753249,-1.2843485,9.096015,-1.3429732,-0.25402945,3
42.724262,0.3526126,35.348297280962605,-80.68422442026892,0,0.11385985,5475.6255,-0.10895215,0,1,false,false,-9.893484,-1.2516975,8.020603,-1.3473431,-0.2697901,3
42.702675,0.35280886,35.348297551082844,-80.68423223155207,0,0.15367305,5559.288,-0.08269463,3,1,false,false,-9.495011,-2.2444417,8.88438,-1.3518076,-0.26065323,3
42.615078,0.35300487,35.34829791142654,-80.68424004279326,0,0.1918062,5985.3745,-0.076860026,3,1,false,false,-8.347083,-6.954833,7.8718796,-1.3558733,-0.22540988,3
42.529293,0.35320038,35.348298272320385,-80.68424785403445,0,0.22090697,6160.556,-0.089404926,3,1,false,false,-9.329407,-3.5566711,8.548007,-1.35924,-0.17692125,3
42.52331,0.3533957,35.34829863266408,-80.68425555527648,0,0.2533833,6227.3604,-0.123248935,3,1,false,false,-10.735298,-0.43133062,9.02744,-1.3619094,-0.14939596,3
42.49862,0.353591,35.348298993557925,-80.68426336651767,0,0.2730047,6218.6157,-0.1638083,3,1,false,false,-9.765865,-1.1158012,8.438482,-1.3642004,-0.12573774,3
42.544666,0.35378632,35.34829944412509,-80.68427117775884,0,0.28786343,5878.937,-0.2195502,3,1,false,false,-9.181506,3.8505855,7.0076704,-1.3662384,-0.12968703,3
42.59104,0.3539819,35.348299894692246,-80.68427887900089,0,0.29404426,5718.5527,-0.2704864,3,1,false,false,-8.173634,1.2823265,6.2481427,-1.3685598,-0.14965048,3
42.582817,0.35417756,35.3483003452594,-80.68428669024206,0,0.2974506,5831.5107,-0.33135936,3,1,false,false,-7.972946,-2.5174618,7.0708685,-1.3713948,-0.1845061,3
42.555458,0.35437316,35.348300886050026,-80.68429450152522,0,0.29664916,5964.241,-0.37632906,3,1,false,false,-12.816993,-1.2532449,9.058027,-1.3748977,-0.24826744,3
42.546528,0.3545688,35.34830133661718,-80.6843023127664,0,0.29581672,6033.0864,-0.4075782,3,1,false,false,-12.600409,-0.61942947,9.956181,-1.3798264,-0.34065285,3
42.55393,0.3547644,35.348301967631265,-80.68431001400843,0,0.2958629,5956.437,-0.43926835,3,1,false,false,-13.21869,0.69141626,10.187246,-1.386163,-0.4156519,3
42.574303,0.35496008,35.34830250842189,-80.68431782524962,0,0.29219463,5893.0635,-0.46964815,3,1,false,false,-15.662092,0.19704977,11.425954,-1.3936241,-0.47422773,3
42.572685,0.35515583,35.34830313943597,-80.68432552649165,0,0.28656858,5883.664,-0.493604,3,1,false,false,-19.073753,-1.2532727,14.294507,-1.4016535,-0.47490424,3
42.55152,0.35535166,35.34830386067351,-80.68433333773284,0,0.26970613,5906.078,-0.51712304,3,1,false,false,-19.70977,-1.4017558,15.561413,-1.4093372,-0.44667655,3
42.53222,0.3555474,35.34830458191105,-80.68434103897486,0,0.24661669,5926.866,-0.5350927,3,1,false,false,-21.1743,-1.4549651,16.595089,-1.4167908,-0.45124578,3
42.51139,0.35574305,35.348305302598455,-80.68434885021605,0,0.22801256,5924.9624,-0.54517305,3,1,false,false,-22.392109,-1.3569648,15.552369,-1.4243093,-0.45194203,3
42.493988,0.3559386,35.34830620428291,-80.68435655145808,0,0.21279946,5910.125,-0.55262417,3,1,false,false,-20.095533,-1.1802641,12.889746,-1.4317284,-0.43644974,3
42.475937,0.3561333,35.348307105417234,-80.68436425270012,0,0.20483059,5897.8506,-0.55671537,3,1,false,false,-18.38505,-1.2839823,11.115453,-1.4389056,-0.42547208,3
42.455727,0.35632792,35.3483080071017,-80.68437195390018,0,0.20304266,5893.0283,-0.5586144,3,1,false,false,-17.881186,-1.5130037,10.368666,-1.445915,-0.41616333,3
42.432568,0.3565224,35.34830899845948,-80.68437965514221,0,0.20219487,5890.295,-0.5596372,3,1,false,false,-14.257266,-1.4819858,7.3752794,-1.4526635,-0.38870218,3
42.409546,0.35671678,35.34830998981726,-80.68438735638424,0,0.2013163,5892.6387,-0.56372917,3,1,false,false,-9.845386,-1.6738782,3.793063,-1.4588773,-0.36018956,3
42.390644,0.35691062,35.34831098117504,-80.68439494758515,0,0.2025032,5911.4814,-0.57366455,3,1,false,false,-7.708134,-1.2253183,1.9110887,-1.464694,-0.33799538,3
42.37296,0.3571042,35.34831206275628,-80.68440264882717,0,0.20447612,5919.9355,-0.5882764,3,1,false,false,-7.0661807,-1.1431642,1.2072011,-1.4701285,-0.3146893,3
42.360477,0.35729766,35.348313144337524,-80.6844103500692,0,0.20638734,5907.8916,-0.61457956,3,1,false,false,-5.653495,-0.8608032,0.2962294,-1.475285,-0.31415504,3
42.354294,0.35749105,35.34831422646891,-80.6844179412701,0,0.21079567,5909.1865,-0.6416162,3,1,false,false,-16.730001,-0.50437915,4.6537566,-1.4810467,-0.4088465,3
42.34329,0.35768422,35.34831530805015,-80.68442564251214,0,0.21642157,5909.4346,-0.67172533,3,1,false,false,-18.546482,-0.88780147,12.37987,-1.4891874,-0.5623401,3
42.322765,0.35787705,35.34831647985485,-80.68443323371304,0,0.22747311,5909.15,-0.6951125,3,1,false,false,-25.826996,-1.4638467,17.58753,-1.4996101,-0.6790879,3
42.290646,0.3580698,35.34831774133287,-80.68444082495591,0,0.24193102,5913.27,-0.6992058,3,1,false,false,-29.067514,-1.8306271,22.466377,-1.5115702,-0.7386105,3
42.255142,0.35826245,35.348319003361034,-80.68444841615681,0,0.25523293,5913.0527,-0.69014287,3,1,false,false,-31.236917,-1.9223514,21.34483,-1.5236696,-0.7073488,3
42.220882,0.35845488,35.34832035561266,-80.68445600735772,0,0.27285054,5904.783,-0.6714324,3,1,false,false,-30.987059,-1.5884781,18.44385,-1.5350432,-0.6576486,3
42.19225,0.35864696,35.34832188776106,-80.68446348855946,0,0.28827953,5903.6147,-0.6565242,3,1,false,false,-28.429358,-1.4052628,14.739181,-1.5453687,-0.580933,3
42.167706,0.35883898,35.348323329685996,-80.68447107980234,0,0.3009957,5909.809,-0.6553548,3,1,false,false,-24.699657,-1.2279475,12.452711,-1.5544376,-0.5158228,3
42.149708,0.35903087,35.34832495205786,-80.68447856100408,0,0.30879503,5922.3516,-0.6707021,3,1,false,false,-19.418385,-0.8553607,8.588432,-1.5627459,-0.48398972,3
42.135868,0.35922274,35.348326574979865,-80.6844859321647,0,0.3092574,5936.5317,-0.6945283,3,1,false,false,-13.631194,-0.74919534,4.0312295,-1.5705838,-0.4565889,3
42.12594,0.35941446,35.34832819735173,-80.68449341336645,0,0.30446374,5952.625,-0.733121,3,1,false,false,-8.482943,-0.5771663,0.8105892,-1.5781032,-0.4507092,3
42.117043,0.35960618,35.34832990994705,-80.6845008945682,0,0.29865286,5974.6084,-0.77201194,3,1,false,false,-6.4773903,-0.63782245,0.024613377,-1.5854856,-0.430079,3
42.116837,0.35979787,35.34833153231891,-80.68450837576995,0,0.2876014,5977.745,-0.8208528,3,1,false,false,-7.8387814,0.28086495,1.6283178,-1.5923274,-0.3858964,3
42.12099,0.3599896,35.34833324491423,-80.68451574693057,0,0.26460427,5914.904,-0.8933974,3,1,false,false,-9.721249,0.22421938,3.156148,-1.5982854,-0.33456492,3
42.12129,0.3601814,35.348335047733016,-80.6845232281323,0,0.22799718,5818.8403,-0.97444797,3,1,false,false,-14.35248,-0.08581139,7.1851254,-1.603587,-0.3088286,3
42.098877,0.36037317,35.34833676032834,-80.6845305993349,0,0.19687721,5798.2583,-1.0410308,3,1,false,false,-26.600084,-1.5431381,13.338589,-1.6090226,-0.3765124,3
42.05066,0.3605648,35.34833865282044,-80.68453797049553,0,0.16535652,5824.327,-1.1095321,3,1,false,false,-29.404175,-2.720914,19.683344,-1.6164443,-0.5182993,3
41.995155,0.3607562,35.34834054586268,-80.68454534169811,0,0.13594744,5837.3467,-1.1533053,3,1,false,false,-29.612827,-3.0872104,22.120634,-1.6262381,-0.64693326,3
41.93453,0.3609474,35.348342438354784,-80.68455260285957,0,0.11271927,5830.5264,-1.1733637,3,1,false,false,-31.239199,-3.3845472,19.39411,-1.6376693,-0.712296,3
41.874912,0.3611385,35.34834451184395,-80.68455986397908,0,0.09693581,5805.1567,-1.1743886,3,1,false,false,-28.573324,-3.127504,16.267908,-1.6495943,-0.7067419,3
41.819004,0.3613293,35.34834658478297,-80.6845671251825,0,0.08257039,5768.795,-1.1658959,3,1,false,false,-26.067747,-2.9821475,13.057264,-1.660966,-0.6489651,3
41.767056,0.3615199,35.34834874794545,-80.684574386302,0,0.07373844,5723.668,-1.1587222,3,1,false,false,-21.884157,-2.6797287,9.315033,-1.6710774,-0.564447,3
41.721336,0.3617103,35.348351001331395,-80.68458153746431,0,0.064444035,5673,-1.1511092,3,1,false,false,-18.844624,-2.382806,7.6974893,-1.67996,-0.5082983,3
41.68033,0.3619008,35.34835325471734,-80.6845886886266,0,0.060436517,5618.8384,-1.1474489,3,1,false,false,-16.281898,-2.1159368,6.0540843,-1.6881903,-0.48197174,3
41.64209,0.36209118,35.34835550810328,-80.6845957297478,0,0.060945176,5589.0884,-1.1468631,3,1,false,false,-15.010202,-2.2199821,5.362527,-1.6961343,-0.47563118,3
41.580273,0.3622814,35.348357851712684,-80.68460288091009,0,0.061207213,5740.3228,-1.1516939,3,1,false,false,-17.202074,-4.43255,7.9319534,-1.7042106,-0.49588832,3
41.49818,0.36247137,35.34836019532209,-80.68460992203129,0,0.060606055,5812.102,-1.1651645,3,1,false,false,-19.462631,-4.1714706,11.119516,-1.7126812,-0.51936454,3
41.437263,0.36266118,35.3483625389315,-80.68461696315246,0,0.063611716,5761.9214,-1.1825886,3,1,false,false,-21.774374,-2.328121,12.317544,-1.7214338,-0.5281669,3
41.39055,0.362851,35.34836506243767,-80.68462389423252,0,0.066000804,5713.6577,-1.193864,3,1,false,false,-23.086462,-2.820068,13.844481,-1.7302778,-0.5269762,3
41.330074,0.36304057,35.34836749627054,-80.68463082539651,0,0.071996674,5703.49,-1.1963528,3,1,false,false,-23.110817,-3.2643402,14.240718,-1.7389704,-0.5142446,3
41.262875,0.36322993,35.34837001977672,-80.68463775647656,0,0.0857764,5720.7017,-1.1866881,3,1,false,false,-24.410799,-3.6316752,14.473021,-1.7474271,-0.5014577,3
41.199116,0.3634191,35.34837263405651,-80.68464457759943,0,0.12130462,5744.136,-1.1664823,3,1,false,false,-23.862286,-3.1535268,12.36697,-1.7558022,-0.5082492,3
41.144123,0.36360836,35.34837524778615,-80.68465139863835,0,0.18345201,5774.4316,-1.1453996,3,1,false,false,-22.078096,-2.6892798,11.5918865,-1.764461,-0.5303932,3
41.097637,0.36379743,35.34837795173925,-80.68465821976122,0,0.2791393,5856.8306,-1.1235855,3,1,false,false,-22.331223,-2.3214498,11.149472,-1.7734511,-0.54771805,3
41.05201,0.36398634,35.34838074591582,-80.68466493084297,0,0.3877432,6018.4883,-1.1095321,3,1,false,false,-22.265936,-2.3529963,11.466997,-1.7827363,-0.5626226,3
41.007946,0.36417517,35.34838354009238,-80.68467164192471,0,0.5275286,6150.429,-1.0960642,3,1,false,false,-22.86344,-1.5877627,12.624326,-1.7922475,-0.5756816,3
41.03089,0.36436424,35.34838633481909,-80.68467835300645,0,0.6198248,5863.439,-1.0871351,3,1,false,false,-21.130888,4.1585608,12.518359,-1.8020512,-0.60034627,3
41.093536,0.3645537,35.34838921866897,-80.68468506408819,0,0.7028421,5720.9434,-1.077328,3,1,false,false,-21.556534,3.4062064,12.510033,-1.8122371,-0.60910076,3
41.115482,0.3647434,35.348392193292455,-80.6846916651288,0,0.7575911,5830.0156,-1.0695703,3,1,false,false,-23.69629,1.0980555,13.070294,-1.8221716,-0.57565165,3
41.129105,0.36493334,35.34839516791594,-80.68469826616942,0,0.80807066,5913.7324,-1.058593,3,1,false,false,-23.628748,2.0111902,13.795778,-1.8313634,-0.5267467,3
41.167088,0.36512357,35.34839823221274,-80.68470486721003,0,0.84034646,5831.9077,-1.0486412,3,1,false,false,-23.486372,3.30076,13.928769,-1.8399463,-0.50982535,3
41.208496,0.36531428,35.34840129705969,-80.68471135829346,0,0.8709887,5802.8853,-1.0381037,3,1,false,false,-23.213213,2.6731632,12.636749,-1.8484535,-0.5096137,3
41.236042,0.36550528,35.34840445157995,-80.68471784929295,0,0.89153504,5908.1475,-1.0303469,3,1,false,false,-23.607912,2.1087303,12.587573,-1.8569223,-0.5058973,3
41.271538,0.36569646,35.348407606650355,-80.68472434037638,0,0.90324926,5952.2256,-1.0253704,3,1,false,false,-22.481575,3.0926561,12.867893,-1.8655071,-0.5252125,3
41.323,0.36588803,35.34841094161754,-80.68473083137586,0,0.9148402,5917.439,-1.0206878,3,1,false,false,-20.486242,3.7768466,11.815744,-1.8744001,-0.5333518,3
41.375454,0.36608022,35.34841418636126,-80.68473721241816,0,0.919711,5862.336,-1.0186386,3,1,false,false,-18.85487,3.4266174,9.854291,-1.8831425,-0.50823605,3
41.41947,0.36627272,35.34841752132845,-80.68474359346047,0,0.9217454,5913.8857,-1.0157127,3,1,false,false,-20.191883,3.0136898,9.563269,-1.8912616,-0.46527883,3
41.462437,0.36646557,35.34842094651909,-80.68474997441882,0,0.92230046,5971.8364,-1.0116148,3,1,false,false,-19.523798,3.2908332,11.898291,-1.8986797,-0.42640385,3
41.520363,0.36665878,35.34842437170974,-80.68475635546112,0,0.9213909,5904.9033,-1.0064924,3,1,false,false,-19.267984,4.278679,10.445985,-1.9056191,-0.41211697,3
41.580513,0.36685222,35.34842788712385,-80.6847626264623,0,0.9198649,5869.9385,-1.0047374,3,1,false,false,-17.344835,3.782474,9.510657,-1.9125053,-0.41421777,3
41.62664,0.36704585,35.34843140253795,-80.68476889746347,0,0.9202504,5940.4854,-1.0040057,3,1,false,false,-18.10568,2.8731225,9.508555,-1.9193922,-0.4133656,3
41.670006,0.36723977,35.34843500762537,-80.68477516846465,0,0.92003465,6002.8613,-1.0022496,3,1,false,false,-16.268578,3.160611,8.54676,-1.9262427,-0.4082215,3
41.72243,0.367434,35.348438613262935,-80.68478143946582,0,0.9213599,5987.6597,-0.99478674,3,1,false,false,-16.528608,3.7758014,8.835076,-1.9330542,-0.4136744,3
41.78005,0.36762837,35.348442218350364,-80.68478771046699,0,0.92018855,5972.3896,-0.9819103,3,1,false,false,-16.34228,3.7730298,8.946754,-1.9401034,-0.43484095,3
41.83293,0.36782262,35.34844591421139,-80.68479387151099,0,0.92009604,6002.8916,-0.95454884,3,1,false,false,-16.509207,3.5007138,9.211748,-1.9475257,-0.4525651,3
41.884285,0.36801717,35.34844960952227,-80.68480003247103,0,0.91957223,6027.459,-0.9163641,3,1,false,false,-15.225478,3.4993625,7.7284565,-1.9551207,-0.4578568,3
41.93947,0.36821207,35.348453395056616,-80.68480619343109,0,0.9207437,6023.18,-0.8818421,3,1,false,false,-16.374273,3.8501651,8.937728,-1.9627471,-0.45954603,3
41.996086,0.3684073,35.34845718114111,-80.68481235447507,0,0.91949505,6023.1533,-0.8344534,3,1,false,false,-17.259611,3.8529143,10.074318,-1.9705361,-0.47623232,3
42.05105,0.36860245,35.34846105689891,-80.68481851543511,0,0.9174605,6023.2495,-0.78634137,3,1,false,false,-18.256725,3.741896,11.091369,-1.9786556,-0.49873126,3
42.102093,0.3687979,35.34846493265671,-80.68482456643798,0,0.9166436,5976.5234,-0.7490569,3,1,false,false,-17.65809,3.31378,9.994506,-1.9871321,-0.5175092,3
42.141537,0.3689936,35.348468808414516,-80.6848306173569,0,0.91468585,6011.0093,-0.711046,3,1,false,false,-18.900509,2.6861768,10.24193,-1.9958638,-0.5285862,3
42.17934,0.3691896,35.34847277439579,-80.68483666835976,0,0.912713,6095.313,-0.6863418,3,1,false,false,-17.281477,2.9438121,9.321681,-2.0045447,-0.5074732,3
42.22735,0.36938554,35.34847674037705,-80.68484271927868,0,0.91366863,6082.441,-0.6655859,3,1,false,false,-18.594532,3.8350255,9.930874,-2.0128217,-0.49005276,3
42.28678,0.36958176,35.348480796581775,-80.68484866024042,0,0.91222,6027.5747,-0.6509706,3,1,false,false,-19.311607,4.1452637,10.682951,-2.020965,-0.4904121,3
42.33853,0.36977828,35.348484852786505,-80.68485460120215,0,0.9132527,5981.392,-0.6443933,3,1,false,false,-18.80391,3.5046422,10.031257,-2.0292296,-0.49500132,3
42.37031,0.36997506,35.34848899866455,-80.68486054216389,0,0.9122505,6043.0283,-0.6432245,3,1,false,false,-18.04112,1.7838397,9.6784,-2.0373256,-0.48410797,3
42.394634,0.37017193,35.34849314509273,-80.68486648312562,0,0.9132527,6151.557,-0.6467316,3,1,false,false,-19.57758,2.8815925,11.116659,-2.0454752,-0.48930502,3
42.436474,0.37036884,35.348497381194235,-80.68487231404623,0,0.9146552,6170.7734,-0.6519933,3,1,false,false,-20.341484,3.5862978,10.9433975,-2.0537589,-0.50851494,3
42.49635,0.3705661,35.34850161784588,-80.68487814496685,0,0.91463983,6089.2383,-0.65506274,3,1,false,false,-18.789644,4.410195,10.669309,-2.0622475,-0.5096489,3
42.549137,0.37076372,35.34850585394739,-80.68488386593026,0,0.91471696,6018.541,-0.65389335,3,1,false,false,-18.255194,3.4487076,10.228207,-2.0707479,-0.5017722,3
42.58132,0.37096152,35.3485101808225,-80.68488969685087,0,0.9154568,6093.694,-0.6490704,3,1,false,false,-19.702093,2.1969392,10.229402,-2.0788305,-0.46444207,3
42.608746,0.37115943,35.34851459737092,-80.68489541773035,0,0.9155954,6168.1377,-0.63971686,3,1,false,false,-20.430092,2.8772998,11.224264,-2.0861614,-0.42143404,3
42.65388,0.37135753,35.34851901391935,-80.68490102865265,0,0.9152099,6132.145,-0.6315321,3,1,false,false,-18.786158,3.9711583,10.957009,-2.093128,-0.41830155,3
42.708443,0.37155595,35.34852343046777,-80.68490663957493,0,0.91699815,6094.984,-0.62451714,3,1,false,false,-18.223494,3.7666724,9.634804,-2.1001806,-0.4261338,3
42.75376,0.37175474,35.34852793723966,-80.68491225041329,0,0.91679776,6086.574,-0.621741,3,1,false,false,-18.218702,2.9988887,9.278271,-2.1071653,-0.41065803,3
42.786705,0.37195364,35.348532444011546,-80.68491786133559,0,0.9160888,6147.9507,-0.6210095,3,1,false,false,-17.630646,2.5547783,8.892811,-2.1138246,-0.3876366,3
42.820522,0.37215284,35.34853695078343,-80.68492347225788,0,0.9168593,6202.021,-0.6204256,3,1,false,false,-17.289402,2.977504,9.098743,-2.120277,-0.3892839,3
42.86993,0.37235227,35.34854154777878,-80.68492897313905,0,0.916767,6185.565,-0.6196948,3,1,false,false,-17.48145,3.8653343,9.112422,-2.126831,-0.39832637,3
42.925667,0.3725521,35.348546144774126,-80.6849343639791,0,0.91783047,6162.9717,-0.6188178,3,1,false,false,-18.027576,3.946893,9.807169,-2.133566,-0.41199976,3
42.974346,0.37275222,35.34855083144279,-80.68493986486027,0,0.91924834,6130.908,-0.6170645,3,1,false,false,-16.618048,3.2502222,8.58977,-2.140487,-0.41401413,3
43.01669,0.37295267,35.3485555186616,-80.68494525570031,0,0.9210981,6172.4507,-0.61384934,3,1,false,false,-16.928421,2.7120378,8.267233,-2.147184,-0.38693506,3
43.056366,0.37315336,35.34856029610387,-80.68495064662429,0,0.9227782,6213.097,-0.60771143,3,1,false,false,-17.525112,3.3140965,9.464349,-2.1534474,-0.3681905,3
43.10989,0.3733544,35.34856498277253,-80.68495603746433,0,0.9266008,6191.9517,-0.600551,3,1,false,false,-17.908747,4.2857924,9.872491,-2.15953,-0.3631125,3
43.169388,0.3735559,35.34856985043826,-80.68496131834718,0,0.93156385,6161.0464,-0.59061414,3,1,false,false,-16.07409,4.104321,8.643143,-2.165597,-0.3635338,3
43.22183,0.37375775,35.348574627330386,-80.68496659914611,0,0.93469274,6123.4365,-0.58403873,3,1,false,false,-17.214691,3.3504083,9.414716,-2.1717026,-0.37230265,3
43.259727,0.37395993,35.348579494996116,-80.68497188002895,0,0.9375752,6179.296,-0.5789245,3,1,false,false,-18.434845,2.6627102,10.737227,-2.178003,-0.38443056,3
43.295307,0.37416235,35.34858445233516,-80.68497705087069,0,0.9403957,6261.3804,-0.57877856,3,1,false,false,-17.923334,2.9846525,9.591544,-2.18443,-0.38685182,3
43.34418,0.3743652,35.348589319450745,-80.68498222162847,0,0.94374037,6251.662,-0.5812622,3,1,false,false,-17.181288,3.7185073,8.873402,-2.1910334,-0.40792918,3
43.408787,0.3745685,35.348594367013256,-80.6849873924702,0,0.9487653,6220.117,-0.5843306,3,1,false,false,-16.56321,4.361042,9.039082,-2.197938,-0.41288897,3
43.47006,0.3747721,35.3485993243523,-80.68499245327081,0,0.95334303,6154.972,-0.5853541,3,1,false,false,-17.53153,3.911471,9.30482,-2.2046347,-0.3892308,3
43.514824,0.37497613,35.3486043719148,-80.68499762411254,0,0.956241,6167.5117,-0.5854999,3,1,false,false,-17.957943,3.0806057,10.006314,-2.2109478,-0.37032127,3
43.55361,0.37518066,35.34860941947731,-80.68500257495594,0,0.9578595,6253.275,-0.5853541,3,1,false,false,-17.851067,2.9030266,9.718877,-2.2169387,-0.35039207,3
43.59961,0.37538552,35.34861455726328,-80.68500763575655,0,0.9612504,6264.416,-0.5869608,3,1,false,false,-16.698141,3.4349189,8.511026,-2.2227454,-0.35113934,3
43.655113,0.37559077,35.348619695049244,-80.68501258651602,0,0.96320796,6253.6187,-0.5913447,3,1,false,false,-16.513294,3.9758384,9.30742,-2.228635,-0.3602929,3
43.709816,0.37579632,35.34862483283521,-80.6850175372755,0,0.9650421,6245.161,-0.59865147,3,1,false,false,-17.864653,3.6644928,9.674419,-2.2348554,-0.38485637,3
43.755714,0.37600258,35.34863006084464,-80.68502237807779,0,0.9641172,6277.464,-0.60566574,3,1,false,false,-17.62307,3.063641,10.030236,-2.2412944,-0.38948798,3
43.801514,0.3762092,35.34863528885407,-80.68502721888008,0,0.9647031,6321.188,-0.6139953,3,1,false,false,-18.066353,3.3012726,9.497976,-2.2479413,-0.40991974,3
43.858437,0.37641615,35.34864060653682,-80.68503205959843,0,0.9650266,6310.572,-0.6208637,3,1,false,false,-16.93862,4.179934,9.947661,-2.254955,-0.42483994,3
43.92145,0.3766235,35.348645924769706,-80.68503690040072,0,0.96548903,6284.9473,-0.6264175,3,1,false,false,-17.282,4.3505206,9.426687,-2.2619343,-0.41045424,3
43.981346,0.37683162,35.348651242452455,-80.68504163116188,0,0.9647491,6230.0474,-0.6297784,3,1,false,false,-17.86529,4.205273,10.156606,-2.2686567,-0.39235204,3
44.03194,0.37704018,35.34865656068534,-80.68504636192304,0,0.9655199,6243.109,-0.6310938,3,1,false,false,-19.319256,3.2009928,10.367238,-2.274972,-0.36799362,3
44.07374,0.37724906,35.34866196859154,-80.68505098264308,0,0.96689177,6301.9663,-0.630948,3,1,false,false,-18.551916,3.0054317,10.705547,-2.2810764,-0.36819273,3
44.12271,0.37745827,35.34866746672121,-80.68505560344705,0,0.96881855,6310.086,-0.63167816,3,1,false,false,-17.823555,3.5226161,9.521344,-2.2873058,-0.38048232,3
44.1766,0.37766826,35.34867287517756,-80.68506022416709,0,0.9727334,6314.806,-0.63387096,3,1,false,false,-17.02308,3.7172623,8.999394,-2.2938006,-0.39724562,3
44.229042,0.37787876,35.34867837330723,-80.68506473484601,0,0.9741668,6301.691,-0.63620865,3,1,false,false,-16.835217,3.5141752,8.812959,-2.3004951,-0.40226817,3
44.276375,0.37808958,35.3486838714369,-80.68506924560884,0,0.9766792,6326.773,-0.6379627,3,1,false,false,-16.904808,3.2011335,8.462495,-2.307099,-0.38926205,3
44.323624,0.3783007,35.34868945979002,-80.68507375628776,0,0.98113394,6370.8413,-0.63810855,3,1,false,false,-16.557806,3.438021,8.365718,-2.3134565,-0.3766753,3
44.380875,0.37851188,35.34869504814315,-80.68507815700949,0,0.9846171,6354.081,-0.63752437,3,1,false,false,-15.739739,4.0474095,8.606725,-2.3196878,-0.3725236,3
44.44172,0.3787233,35.34870063704642,-80.6850825577312,0,0.9900582,6343.032,-0.6385473,3,1,false,false,-16.55524,3.9204717,8.786569,-2.3258998,-0.37523118,3
44.49706,0.37893504,35.34870631507287,-80.68508695845293,0,0.99639326,6328.862,-0.6404474,3,1,false,false,-17.488474,3.548935,9.544209,-2.3322723,-0.39032826,3
44.543625,0.37914714,35.34871199364945,-80.68509124913352,0,0.9999999,6366.9297,-0.64424723,3,1,false,false,-17.966413,3.1073806,9.856926,-2.338939,-0.41032106,3
44.58762,0.37935904,35.348717672226044,-80.68509553981413,0,1,6424.586,-0.6492164,3,1,false,false,-16.78592,3.2063508,9.209982,-2.3459642,-0.43179923,3
44.641537,0.37957108,35.34872344102609,-80.6850997204536,0,1,6421.24,-0.65418553,3,1,false,false,-17.10683,3.9795773,9.231106,-2.3532717,-0.4445661,3
44.702892,0.3797835,35.34872920982614,-80.68510401113419,0,1,6406.5513,-0.65681624,3,1,false,false,-17.889454,4.1679997,9.734772,-2.3606853,-0.44416642,3
44.763157,0.37999633,35.34873497862619,-80.68510808181647,0,1,6347.364,-0.6565242,3,1,false,false,-18.374521,3.998048,10.185883,-2.3680365,-0.4348729,3
44.81245,0.380209,35.348740837099555,-80.68511226245595,0,1,6353.206,-0.6543316,3,1,false,false,-19.04127,3.2017906,10.250522,-2.3751428,-0.4186377,3
44.853943,0.3804219,35.348746696123065,-80.68511633313823,0,1,6420.1987,-0.65257734,3,1,false,false,-19.575985,3.1376278,10.404255,-2.382044,-0.41096398,3
44.900913,0.38063508,35.34875255459643,-80.68512029377938,0,1,6432.0605,-0.65199304,3,1,false,false,-20.016281,3.752052,10.66464,-2.3890488,-0.43061924,3
44.95514,0.3808486,35.34875841361994,-80.68512425442053,0,1,6415.5166,-0.6533086,3,1,false,false,-17.966415,3.8055317,9.47511,-2.3963978,-0.44716844,3
45.004562,0.38106206,35.348764362316764,-80.6851282150617,0,1,6385.985,-0.6555016,3,1,false,false,-18.182732,3.219533,9.030927,-2.4038546,-0.4448593,3
45.04193,0.3812758,35.34877031156374,-80.68513206566172,0,1,6443.285,-0.6566702,3,1,false,false,-18.960686,2.7314973,9.7106695,-2.4111395,-0.42770943,3
45.08037,0.3814898,35.34877635048402,-80.68513591626176,0,1,6511.39,-0.6556475,3,1,false,false,-18.94617,3.1771147,10.010369,-2.4180927,-0.4077324,3
45.13305,0.38170406,35.34878238940431,-80.68513976686178,0,1,6478.9795,-0.65374744,3,1,false,false,-18.188807,4.0898547,9.860015,-2.4248142,-0.40391406,3
45.193638,0.3819185,35.34878842887474,-80.68514350750462,0,1,6450.6455,-0.6524313,3,1,false,false,-18.709343,4.102969,9.775174,-2.4316697,-0.41883323,3
45.24782,0.3821332,35.34879446779503,-80.68514724806353,0,1,6426.9844,-0.65301645,3,1,false,false,-18.217566,3.4563308,9.699606,-2.4386961,-0.4203903,3
45.28893,0.3823482,35.34880059693878,-80.68515087866524,0,1,6459.717,-0.65447754,3,1,false,false,-17.716333,2.7812386,8.5893755,-2.4455712,-0.40403497,3
45.32767,0.3825635,35.34880672608253,-80.68515450926697,0,1,6517.89,-0.6559395,3,1,false,false,-17.61268,3.127869,9.120423,-2.4521167,-0.3810262,3
45.377792,0.382779,35.34881285522628,-80.68515802982755,0,1,6513.614,-0.6565243,3,1,false,false,-17.403513,3.8755074,9.135184,-2.4583158,-0.36553097,3
45.43516,0.38299477,35.348819074593486,-80.68516155038814,0,1,6487.8154,-0.6560857,3,1,false,false,-17.616756,3.931462,9.175198,-2.4643886,-0.3658425,3
45.487892,0.3832109,35.348825293960694,-80.68516507094873,0,1,6453.3794,-0.6562315,3,1,false,false,-18.629025,3.3263628,9.367919,-2.4705548,-0.3778907,3
45.528008,0.38342738,35.3488315133279,-80.6851684814682,0,1,6504.328,-0.65783954,3,1,false,false,-19.383385,2.6329336,10.6520405,-2.4771094,-0.4097844,3
45.564198,0.38364404,35.34883773269511,-80.6851718920716,0,1,6575.3936,-0.6612014,3,1,false,false,-18.147533,2.76633,10.033829,-2.4842315,-0.44100168,3
45.61273,0.38386098,35.348844042285776,-80.68517519254993,0,1,6567.8096,-0.6654396,3,1,false,false,-17.526752,3.7879577,8.821387,-2.4916787,-0.4498685,3
45.67329,0.38407826,35.34885035187645,-80.68517849311222,0,1,6539.6636,-0.6671939,3,1,false,false,-18.472895,4.480705,9.57949,-2.4991646,-0.44237268,3
45.73277,0.38429597,35.34885666146712,-80.68518168363336,0,1,6461.221,-0.6650016,3,1,false,false,-19.262493,3.9602551,10.872766,-2.5062912,-0.40904623,3
45.776,0.38451406,35.348863060731105,-80.68518487415452,0,1,6457.5596,-0.66076267,3,1,false,false,-19.758377,2.8243628,10.125233,-2.5127518,-0.37193093,3
45.80957,0.38473237,35.34886946054523,-80.68518795463454,0,1,6542.5425,-0.6559397,3,1,false,false,-19.54247,2.6923091,10.284641,-2.5187798,-0.35530576,3
45.850117,0.3849509,35.348875860359364,-80.68519103511457,0,1,6575.6196,-0.6544776,3,1,false,false,-19.16028,3.2933924,9.719885,-2.5247,-0.35865334,3
45.900406,0.38516998,35.34888225962335,-80.68519411559458,0,1,6560.993,-0.6555014,3,1,false,false,-18.502693,3.4747505,9.290328,-2.5308568,-0.38180757,3
45.954285,0.38538936,35.348888749660944,-80.68519708603348,0,1,6526.8726,-0.65740156,3,1,false,false,-17.515583,3.2586558,8.481056,-2.5372968,-0.38666296,3
45.996662,0.38560903,35.34889523914839,-80.68520005655633,0,1,6561.806,-0.65842444,3,1,false,false,-16.90118,2.705303,8.850126,-2.543612,-0.36959907,3
46.03715,0.385829,35.34890172918598,-80.68520291703803,0,1,6626.719,-0.6582778,3,1,false,false,-17.931086,3.1710424,9.947181,-2.5496807,-0.36121958,3
46.08937,0.38604963,35.34890821867343,-80.68520577743581,0,1,6607.2705,-0.65608555,3,1,false,false,-17.941677,3.9908717,9.944324,-2.5556962,-0.36390457,3
46.149654,0.38627052,35.348914798384335,-80.68520852787638,0,1,6569.648,-0.6544777,3,1,false,false,-17.648138,4.064741,9.586578,-2.5618587,-0.37714592,3
46.203686,0.38649172,35.34892128842193,-80.68521127831697,0,1,6543.572,-0.6543316,3,1,false,false,-17.562845,3.501326,9.840698,-2.568268,-0.3883525,3
46.24567,0.3867134,35.34892786813283,-80.68521391880037,0,1,6588.3896,-0.6533087,3,1,false,false,-18.093351,2.7411335,8.63052,-2.5747426,-0.3874286,3
46.286987,0.38693562,35.348934538067205,-80.68521655919983,0,1,6641.304,-0.65082455,3,1,false,false,-18.155691,3.064504,8.71745,-2.5811343,-0.3813854,3
46.340748,0.3871581,35.348941118328256,-80.68521919959929,0,1,6613.592,-0.6436626,3,1,false,false,-17.108887,3.978763,9.500774,-2.5874405,-0.37386432,3
46.398895,0.38738087,35.34894778826262,-80.68522173004156,0,1,6589.359,-0.6338707,3,1,false,false,-17.889118,3.9307735,10.107135,-2.5936732,-0.37329838,3
46.45097,0.38760433,35.34895445819699,-80.68522426039989,0,1,6561.7173,-0.61940193,3,1,false,false,-18.379845,3.3060002,9.886766,-2.5998964,-0.37445605,3
46.492466,0.38782823,35.34896112813136,-80.68522668080104,0,1,6598.7793,-0.60420364,3,1,false,false,-17.859045,2.6637204,9.393297,-2.6061175,-0.37152973,3
46.52969,0.38805234,35.34896788828919,-80.68522910120218,0,1,6672.126,-0.59353715,3,1,false,false,-18.509012,2.8901377,9.512917,-2.612371,-0.38144648,3
46.578068,0.38827667,35.34897455822356,-80.6852314115622,0,1,6672.5884,-0.581701,3,1,false,false,-18.81526,3.7185247,9.768947,-2.6189353,-0.40798768,3
46.634975,0.38850188,35.34898131838139,-80.68523372192222,0,1,6650.047,-0.57322645,3,1,false,false,-17.841467,3.9376667,10.359918,-2.62592,-0.427542,3
46.689816,0.38872746,35.348988078539215,-80.68523592232505,0,1,6608.8687,-0.56197536,3,1,false,false,-17.895107,3.6129265,10.210002,-2.6330805,-0.428201,3
46.735027,0.3889532,35.348994838697045,-80.68523812264394,0,1,6631.656,-0.55014044,3,1,false,false,-19.127443,3.0150871,9.952716,-2.640064,-0.40707067,3
46.776745,0.38917923,35.349001689078335,-80.68524021300564,0,1,6676.41,-0.53991365,3,1,false,false,-19.236423,3.1521986,10.028327,-2.646571,-0.3759791,3
46.827805,0.3894055,35.349008539459625,-80.6852423032834,0,1,6653.0947,-0.5299786,3,1,false,false,-18.42448,3.7905953,9.453737,-2.652663,-0.3590093,3
46.88299,0.38963196,35.349015299617456,-80.6852443936451,0,1,6638.328,-0.52530366,3,1,false,false,-16.810858,3.6936467,8.459356,-2.658518,-0.34085417,3
46.932907,0.38985866,35.349022240222205,-80.68524637396568,0,1,6672.396,-0.52267414,3,1,false,false,-18.275387,3.1835282,8.964226,-2.6640885,-0.33364487,3
46.9795,0.39008495,35.349029090603494,-80.68524824424514,0,1,6708.775,-0.52238184,3,1,false,false,-18.867596,3.3189194,10.287581,-2.6697981,-0.356489,3
47.029713,0.39031082,35.349035940434646,-80.68525011452459,0,1,6715.6685,-0.52267414,3,1,false,false,-18.478722,3.4889402,10.508748,-2.6760385,-0.3940776,3
47.08168,0.39053693,35.349042881039395,-80.68525198488798,0,1,6721.79,-0.52223593,3,1,false,false,-18.284584,3.4464364,9.786056,-2.6829426,-0.43242836,3
47.134773,0.39076322,35.349049821644144,-80.6852537451263,0,1,6699.144,-0.51916856,3,1,false,false,-17.283134,3.5372865,9.25699,-2.690226,-0.43125796,3
47.18371,0.3909892,35.349056761698755,-80.68525539540745,0,1,6695.378,-0.50952697,3,1,false,false,-17.720388,3.2820356,8.951579,-2.6970432,-0.38341734,3
47.230846,0.3912153,35.3490637023035,-80.68525704568859,0,0.95493066,6702.8496,-0.48673815,3,1,false,false,-17.93637,3.461789,9.594747,-2.703016,-0.3335647,3
47.28371,0.39144155,35.34907064290825,-80.68525869596972,0,0.85361767,6653.0684,-0.451537,3,1,false,false,-19.02352,3.661641,10.784792,-2.7083008,-0.30542204,3
47.33038,0.39166787,35.34907767318632,-80.68526023620974,0.010447146,0.7499924,6614.972,-0.41575614,3,1,false,false,-17.644289,2.7696033,8.508087,-2.7133253,-0.30021518,3
47.359245,0.39189383,35.34908470401453,-80.68526177644975,0.042781793,0.61349,6628.3228,-0.36975864,3,1,false,false,-16.502462,1.6109042,8.357511,-2.7183318,-0.29876927,3
47.367302,0.3921198,35.3490917342926,-80.68526320673257,0.076154314,0.5026203,6635.4644,-0.33354983,3,1,false,false,-16.351183,0.47927624,8.882978,-2.723323,-0.3008781,3
47.35866,0.3923457,35.349098765120814,-80.68526463684752,0.122578695,0.38715744,6590.775,-0.29325768,3,1,false,false,-16.643187,-0.6693209,8.972666,-2.7283485,-0.3041428,3
47.32829,0.39257112,35.34910570572556,-80.68526595717316,0.16299234,0.28371716,6514.458,-0.26099932,3,1,false,false,-16.901995,-2.1862469,9.696355,-2.733439,-0.3065471,3
47.26347,0.39279595,35.34911273600363,-80.68526727733092,0.19401188,0.22349638,6468.653,-0.23779327,3,1,false,false,-16.422655,-4.6588807,10.324158,-2.738573,-0.3049802,3
47.169964,0.3930203,35.34911976683184,-80.68526848753149,0.22399074,0.17307875,6468.1875,-0.21721533,3,1,false,false,-15.540447,-5.7366366,8.844877,-2.7434576,-0.27807626,3
47.06067,0.39324418,35.34912679710991,-80.68526969773207,0.24423529,0.13115391,6449.696,-0.20466533,3,1,false,false,-15.520611,-6.598833,9.948919,-2.747788,-0.24232565,3
46.93731,0.39346686,35.34913382793812,-80.68527079780758,0.2639209,0.08130646,6395.318,-0.19401267,3,1,false,false,-16.278957,-7.5127487,11.158616,-2.7516153,-0.21889974,3
46.80616,0.39368877,35.34914076799273,-80.68527189805096,0.27855214,0.036252677,6304.95,-0.18511131,3,1,false,false,-15.781032,-7.8085437,10.738542,-2.7551613,-0.20838052,3
46.67402,0.39391,35.34914770859748,-80.68527299829434,0.28758875,0.0059187952,6193.16,-0.17839935,3,1,false,false,-14.026395,-7.846439,9.877666,-2.7586987,-0.21935426,3
46.53923,0.3941305,35.34915473887555,-80.68527398841266,0.29554027,-9.313226e-10,6080.344,-0.17314607,3,1,false,false,-12.921744,-8.123207,9.0398035,-2.76251,-0.23563805,3
46.38259,0.3943497,35.3491616794803,-80.68527497853098,0.30218682,0,6180.142,-0.16774783,3,1,false,false,-11.104056,-10.964277,7.9205866,-2.7664535,-0.2335913,3
46.180477,0.394568,35.349168529861586,-80.68527585869211,0.3070563,0,6364.13,-0.16366228,3,1,false,false,-10.7008505,-12.214432,8.3183,-2.7702572,-0.22435956,3
45.996628,0.3947853,35.349175470466335,-80.68527673885325,0.31118125,0,6331.1094,-0.15957661,3,1,false,false,-12.656143,-10.017446,8.819914,-2.7739897,-0.22575484,3
45.845623,0.39500162,35.34918232084763,-80.68527761901437,0.31660435,0,6224.1113,-0.15724231,3,1,false,false,-11.6047125,-8.653877,8.819071,-2.7778726,-0.23948973,3
45.69576,0.3952168,35.34918917067878,-80.68527838905044,0.32005695,0,6175.2305,-0.158264,3,1,false,false,-10.505562,-9.264785,8.3511505,-2.7819047,-0.24245057,3
45.532253,0.39543113,35.34919593083661,-80.68527926921158,0.32321665,0,6172.7,-0.16147336,3,1,false,false,-10.873591,-9.916405,9.600061,-2.7859812,-0.24759363,3
45.365437,0.39564466,35.3492027812179,-80.68527992929046,0.3277435,0,6157.226,-0.16424583,3,1,false,false,-12.218262,-10.284945,9.772745,-2.7901692,-0.2581526,3
45.19568,0.39585716,35.34920954137572,-80.6852806994944,0.33451915,0,6125.9194,-0.16643405,3,1,false,false,-12.248563,-10.006098,9.382821,-2.7946692,-0.27919847,3
45.03002,0.39606857,35.34921630153355,-80.68528135957328,0.3408862,0,6103.964,-0.16643408,3,1,false,false,-12.044703,-10.216174,10.259512,-2.7994194,-0.29028738,3
44.858322,0.3962791,35.34922306169138,-80.68528190969496,0.35381514,0,6089.3535,-0.16424584,3,1,false,false,-12.319313,-10.123415,9.922554,-2.8042479,-0.28625217,3
44.682003,0.3964888,35.349229731625755,-80.68528256977385,0.3687939,0,6073.2207,-0.16059837,3,1,false,false,-12.756042,-10.90842,10.107038,-2.8089411,-0.2748433,3
44.50164,0.39669743,35.349236402110265,-80.68528311989554,0.39265484,0,6053.9946,-0.15155265,3,1,false,false,-11.980505,-10.873639,9.712494,-2.813339,-0.25363213,3
44.307262,0.39690498,35.34924307204463,-80.68528355989217,0.4166589,0,6025.341,-0.14148521,3,1,false,false,-12.148094,-11.53314,11.354139,-2.8175104,-0.24656527,3
44.119328,0.39711162,35.349249741979,-80.68528400005667,0.45266497,0,5982.882,-0.12806301,3,1,false,false,-11.412214,-11.296496,9.52136,-2.821531,-0.23518501,3
43.929768,0.39731735,35.34925632168991,-80.68528444005331,0.48775315,0,5925.821,-0.11537037,3,1,false,false,-9.699032,-11.313791,7.8339267,-2.8253334,-0.2196942,3
43.728516,0.39752203,35.34926290140082,-80.68528488004993,0.51504207,0,5854.7827,-0.10690938,3,1,false,false,-9.823792,-13.166662,9.322306,-2.828925,-0.21577485,3
43.49841,0.39772552,35.34926948166187,-80.68528521025725,0.53832835,0,5800.326,-0.09874043,3,1,false,false,-9.172742,-13.743358,9.73834,-2.832626,-0.22512962,3
43.271976,0.3979279,35.34927597114932,-80.68528554029669,0.5509153,0,5774.1904,-0.095823124,3,1,false,false,-8.179891,-13.522233,7.7529354,-2.8363469,-0.21967445,3
43.04967,0.3981292,35.34928246118691,-80.68528587033613,0.56140065,0,5715.943,-0.09655272,3,1,false,false,-7.6902475,-13.165564,7.712157,-2.8399866,-0.2180208,3
42.819847,0.39832938,35.34928886045089,-80.68528620037557,0.5641119,0,5624.708,-0.09815687,3,1,false,false,-8.873992,-14.618729,9.801401,-2.8436196,-0.21908556,3
42.565613,0.39852834,35.34929526026502,-80.68528642045781,0.56601375,0,5580.7773,-0.0983029,3,1,false,false,-9.159947,-15.264744,9.627527,-2.8473876,-0.23275283,3
42.318558,0.3987261,35.349301660079156,-80.6852866403722,0.5651543,0,5599.449,-0.09728178,3,1,false,false,-7.9603925,-14.464125,7.9791346,-2.851283,-0.23247556,3
42.0821,0.3989227,35.34930796911968,-80.68528686045445,0.5660955,0,5557.575,-0.094801985,3,1,false,false,-8.317797,-14.179991,9.176232,-2.8551326,-0.23116574,3
41.84885,0.39911819,35.349314278710345,-80.6852870805367,0.56613666,0,5472.416,-0.08955037,3,1,false,false,-9.672612,-14.541217,10.214486,-2.8590455,-0.23989166,3
41.594093,0.39931253,35.34932058830102,-80.68528719049388,0.56521565,0,5414.1484,-0.07890224,3,1,false,false,-10.017841,-15.243211,10.013928,-2.8632119,-0.25963572,3
41.352226,0.3995057,35.34932680766823,-80.68528741057614,0.5657681,0,5443.196,-0.060377795,3,1,false,false,-7.519767,-14.149548,8.936097,-2.867567,-0.2572078,3
41.118378,0.39969775,35.349333027035435,-80.68528752053332,0.5683927,0,5410.128,-0.037188143,3,1,false,false,-8.823331,-14.45497,9.608391,-2.871779,-0.25132674,3
40.874325,0.39988866,35.349339156179184,-80.68528752053332,0.5705731,0,5330.04,-0.01472866,3,1,false,false,-8.982989,-14.764725,9.919915,-2.8759644,-0.25080118,3
40.62525,0.4000786,35.34934528532293,-80.68528763049052,0.5739386,0,5288.1416,0.01618619,3,1,false,false,-8.658206,-15.01865,9.163227,-2.8800633,-0.2377021,3
40.37665,0.4002674,35.34935132479336,-80.68528763049052,0.57569957,0,5335.315,0.042431314,3,1,false,false,-6.4813604,-14.831115,8.739207,-2.8837836,-0.2064032,3
40.124214,0.40045497,35.34935736371365,-80.68528763049052,0.57704884,0,5313.7246,0.07363174,3,1,false,false,-7.525237,-15.633856,10.506716,-2.886968,-0.1787251,3
39.87062,0.40064135,35.34936340263394,-80.68528763049052,0.57584476,0,5238.076,0.09928904,3,1,false,false,-7.3442135,-14.949937,9.439993,-2.8898115,-0.16103214,3
39.627575,0.40082625,35.34936935188091,-80.68528763049052,0.57609355,0,5212.058,0.12698549,3,1,false,false,-5.8407326,-14.643448,8.459675,-2.892254,-0.12916677,3
39.387634,0.40100953,35.349375300577734,-80.68528752053332,0.5755129,0,5200.098,0.15001449,3,1,false,false,-4.5628233,-14.482362,7.8001547,-2.8941393,-0.099403046,3
39.14442,0.40119162,35.34938124927456,-80.68528741057614,0.5765922,0,5134.302,0.16458923,3,1,false,false,-4.232809,-15.044526,8.54782,-2.895602,-0.07400351,3
38.894253,0.40137258,35.34938710829807,-80.68528741057614,0.57530564,0,5079.054,0.17522806,3,1,false,false,-4.530111,-14.891988,9.340578,-2.8965104,-0.03485353,3
38.647495,0.40155235,35.34939287709812,-80.68528730045108,0.57426983,0,5080.321,0.1806198,3,1,false,false,-3.7506604,-15.121852,9.646711,-2.8968508,-0.009377035,3
38.396267,0.40173003,35.349398735571484,-80.68528719049388,0.5746631,0,5041.9653,0.18149425,3,1,false,false,-3.6807795,-14.979496,9.754877,-2.896924,0.00023647929,3
38.15758,0.4019064,35.349404414148076,-80.6852870805367,0.5726775,0,4981.41,0.17945401,3,1,false,false,-3.3768,-14.212493,8.9768505,-2.8968143,0.011562984,3
37.91158,0.4020817,35.34941018294812,-80.68528697041164,0.5697702,0,4967.2056,0.17639379,3,1,false,false,-2.5443277,-15.449888,9.9275875,-2.896447,0.038912404,3
37.654575,0.4022558,35.34941586152471,-80.68528686045445,0.5682076,0,4995.7554,0.17362474,3,1,false,false,-2.8488598,-15.782139,10.377168,-2.8954744,0.07516175,3
37.39456,0.40242863,35.34942144987784,-80.68528675049726,0.56539965,0,5022.635,0.1721675,3,1,false,false,-2.384437,-15.468308,9.448662,-2.894012,0.1008554,3
37.149555,0.40259948,35.349427038230964,-80.68528653041501,0.5576663,0,5034.72,0.17275025,3,1,false,false,-1.3769813,-14.880343,9.376978,-2.8920794,0.12988225,3
36.90458,0.4027693,35.34943262658409,-80.68528642045781,0.55195916,0,5002.1235,0.17420773,3,1,false,false,-0.5400283,-14.556738,10.045341,-2.889744,0.14787188,3
36.67438,0.40293798,35.34943812471376,-80.68528631033276,0.5495727,0,4948.733,0.175665,3,1,false,false,0.7780762,-13.817908,9.72818,-2.8871427,0.16438209,3
36.45172,0.40310565,35.34944362339357,-80.68528620037557,0.5464359,0,4913.299,0.17537352,3,1,false,false,1.4206376,-13.373732,8.8812275,-2.8842866,0.17580473,3
36.24073,0.4032722,35.349449121523236,-80.68528598029332,0.5451811,0,4867.157,0.17464474,3,1,false,false,2.4267218,-12.807047,9.158006,-2.8812795,0.18755667,3
36.025715,0.4034373,35.349454529429444,-80.68528587033613,0.54388875,0,4805.3423,0.17158452,3,1,false,false,3.103084,-13.43211,8.780304,-2.878027,0.20203501,3
35.8083,0.40360138,35.34945993788579,-80.68528576021106,0.5438491,0,4745.7144,0.16896093,3,1,false,false,3.2887638,-13.002094,8.718302,-2.874589,0.20876706,3
35.592815,0.40376452,35.34946525556854,-80.68528565025387,0.5406186,0,4687.603,0.16692066,3,1,false,false,4.2194114,-13.141925,9.15971,-2.8710785,0.21302378,3
35.376057,0.4039266,35.349470573801426,-80.68528565025387,0.53795385,0,4646.4927,0.16692068,3,1,false,false,4.9088635,-13.586509,9.503115,-2.8674881,0.21831354,3
35.13611,0.4040877,35.349475891484175,-80.68528554029669,0.5345342,0,4666.4795,0.16823219,3,1,false,false,5.8015876,-15.001067,11.203198,-2.8637962,0.22405621,3
34.89767,0.40424722,35.34948120971706,-80.68528543017162,0.52887076,0,4688.8145,0.16998115,3,1,false,false,6.310083,-14.123629,10.650643,-2.8600085,0.23180309,3
34.673115,0.4044057,35.34948643772649,-80.68528543017162,0.52290505,0,4653.671,0.17245902,3,1,false,false,7.469298,-13.502377,12.226951,-2.856048,0.24560568,3
34.464073,0.40456325,35.34949157551246,-80.68528543017162,0.5201142,0,4598.531,0.17347896,3,1,false,false,7.3942056,-12.144182,10.206393,-2.8518379,0.2572355,3
34.26543,0.4047199,35.349496712748284,-80.68528543017162,0.51387995,0.75,4932.4277,0.17304143,0,1,false,false,7.52994,-12.250793,9.220012,-2.8475885,0.25344226,3
34.067535,0.40487564,35.349501850534246,-80.68528543017162,0.50794685,0,5053.8755,0.17114691,2,1,false,false,6.8423576,-11.835932,9.316369,-2.843465,0.23968658,3
33.865406,0.40503016,35.349506988320215,-80.68528554029669,0.50288844,0,5081.6934,0.16662948,2,1,false,false,7.204841,-13.235777,9.569497,-2.8395667,0.22974056,3
33.601635,0.40518364,35.349512035882725,-80.68528554029669,0.49831384,0,5385.44,0.16254838,2,1,false,false,6.1055403,-17.139303,10.505075,-2.8357155,0.23564671,3
33.33949,0.4053359,35.34951708344523,-80.68528565025387,0.49413976,0,5482.305,0.15992534,2,1,false,false,5.6414857,-14.311089,8.9868,-2.8316274,0.25519958,3
33.122585,0.40548712,35.34952204078427,-80.68528576021106,0.49179518,0,5397.465,0.15948781,2,1,false,false,6.4312124,-12.812697,9.106736,-2.8271596,0.28086108,3
32.918026,0.4056374,35.34952699867347,-80.68528587033613,0.48876148,0,5317.8237,0.16182019,2,1,false,false,7.4496636,-12.191999,9.64822,-2.8222656,0.3046516,3
32.714176,0.4057867,35.34953195601251,-80.68528598029332,0.4877899,0,5242.03,0.16590069,2,1,false,false,8.262937,-12.271015,10.08533,-2.8170354,0.32169184,3
32.51592,0.40593487,35.3495368231281,-80.68528620037557,0.4854127,0,5168.755,0.17012694,2,1,false,false,8.827265,-11.738424,9.257064,-2.8116233,0.3260473,3
32.324505,0.4060822,35.34954169079383,-80.68528631033276,0.48431832,0,5097.8774,0.17231323,2,1,false,false,8.557446,-11.460837,9.335415,-2.8062167,0.32277146,3
32.136444,0.4062287,35.34954655790941,-80.68528653041501,0.48179033,0,5029.011,0.17231324,2,1,false,false,8.890469,-11.328569,10.165156,-2.800834,0.32410473,3
31.93628,0.40637434,35.34955133480154,-80.68528686045445,0.48171777,0,5054.6475,0.17012697,2,1,false,false,9.00351,-12.6427555,10.129794,-2.795414,0.3260255,3
31.717995,0.40651911,35.3495561122438,-80.6852870805367,0.4798146,0,5094.491,0.16764969,2,1,false,false,9.283957,-12.946078,9.804683,-2.7899804,0.32547075,3
31.520296,0.40666267,35.34956088913593,-80.68528741057614,0.47844064,0,5074.148,0.16488042,2,1,false,false,9.088423,-11.05192,8.716524,-2.784645,0.3133389,3
31.34191,0.40680528,35.349565576354735,-80.68528763049052,0.4773759,0,5009.6045,0.16284014,2,1,false,false,9.477145,-10.787747,9.517092,-2.7794642,0.31230745,3
31.149622,0.4069471,35.34957026357355,-80.68528796069783,0.4748564,0,4944.0347,0.1602166,2,1,false,false,9.462814,-11.706895,10.606645,-2.7741928,0.3193975,3
30.957977,0.40708804,35.34957495079235,-80.68528840069446,0.47507194,0,4880.13,0.15759304,2,1,false,false,9.76642,-11.194494,10.279459,-2.7688727,0.31699002,3
30.777374,0.4072282,35.34957954723755,-80.6852887307339,0.47351053,0,4841.3823,0.15307495,2,1,false,false,9.606908,-10.792884,9.172086,-2.7636821,0.3048851,3
30.593529,0.4073676,35.3495841442329,-80.6852891708984,0.4707025,0,4852.488,0.14913993,2,1,false,false,8.374422,-10.894615,8.401516,-2.7587068,0.29194993,3
30.416988,0.40750578,35.349588741228246,-80.68528961089503,0.46908048,0,4822.468,0.14476758,2,1,false,false,8.248409,-10.570972,9.135454,-2.7539089,0.2853858,3
30.234085,0.40764308,35.34959324800013,-80.68529005089167,0.46650413,0,4762.561,0.14126958,2,1,false,false,9.285056,-11.261695,10.955955,-2.749108,0.2930285,3
30.043589,0.40777954,35.34959784499548,-80.68529060101335,0.46332037,0,4704.4023,0.1366052,2,1,false,false,9.33308,-11.229131,10.768006,-2.7441397,0.30179223,3
29.868904,0.40791523,35.34960226154391,-80.68529104117785,0.46178725,0,4647.512,0.1332526,2,1,false,false,9.078445,-9.955754,9.523324,-2.7391334,0.2963134,3
29.706379,0.40805012,35.349606768315795,-80.68529159113167,0.45757687,0,4592.438,0.13106659,2,1,false,false,9.04424,-9.757385,8.641028,-2.7343218,0.28159553,3
29.529997,0.40818435,35.34961118486422,-80.68529214125337,0.45431542,0,4571.823,0.12990053,2,1,false,false,8.528676,-11.075772,9.874094,-2.7296958,0.27616438,3
29.345758,0.4083172,35.349615601412644,-80.68529269137505,0.4511574,0.75,4906.6377,0.13033757,0,1,false,false,8.915929,-10.912084,10.759901,-2.725087,0.2771801,3
29.16745,0.40844908,35.34961992828775,-80.68529335145394,0.4494462,0,5319.195,0.13033752,0,1,false,false,9.368382,-10.371728,10.651453,-2.7205298,0.26669568,3
29.001083,0.40858012,35.34962425461272,-80.68529390157563,0.4489804,0,5242.408,0.13033752,1,1,false,false,9.326906,-9.587182,9.56597,-2.7162774,0.2431992,3
28.827263,0.40871042,35.34962858093768,-80.6852945616545,0.44724065,0,5332.988,0.12990052,1,1,false,false,7.729939,-11.8924,8.533315,-2.7124157,0.22019692,3
28.618917,0.40883985,35.34963281758933,-80.68529522173338,0.44468302,0,5562.8726,0.12815121,1,1,false,false,5.6155815,-12.389525,8.286282,-2.708781,0.22345202,3
28.40898,0.40896836,35.34963714391429,-80.68529588181227,0.44068742,0,5551.763,0.12348688,1,1,false,false,6.1131964,-12.944713,10.066238,-2.7047586,0.26046243,3
28.194458,0.40909496,35.34964129034248,-80.68529654205902,0.43479288,0,5467.0293,0.116490446,1,1,false,false,6.4120884,-12.744659,10.507333,-2.7001662,0.28636453,3
27.99678,0.40921918,35.349645526443986,-80.68529731209509,0.42223012,0,5385.099,0.106577836,1,1,false,false,7.701327,-10.9944,10.429538,-2.6953342,0.29012346,3
27.825918,0.40934244,35.349649672872175,-80.68529797217397,0.4114152,0,5391.0806,0.098268785,1,1,false,false,7.8155575,-10.593962,9.452669,-2.6905725,0.27952304,3
27.631248,0.4094648,35.34965381930036,-80.68529874237791,0.39971402,0,5527.579,0.09025125,1,1,false,false,6.8309054,-12.194907,9.139023,-2.6860294,0.26784033,3
27.433943,0.40958622,35.34965787495494,-80.68529951241399,0.39292163,0,5584.067,0.08544056,1,1,false,false,6.6821322,-11.530957,9.163484,-2.6815636,0.26956278,3
27.25157,0.40970668,35.34966193115967,-80.68530028261793,0.38365456,0,5530.2905,0.081941605,1,1,false,false,7.1941223,-10.420357,9.001022,-2.6770337,0.27185434,3
27.085665,0.4098263,35.349665987364396,-80.685301052654,0.37262696,0,5492.2114,0.08062985,1,1,false,false,7.4960856,-9.6025095,9.2451725,-2.6726096,0.25599504,3
26.92251,0.4099445,35.34966995334566,-80.68530182285794,0.35791123,0,5513.4575,0.080629855,1,1,false,false,7.761406,-10.065875,9.509481,-2.668546,0.2317746,3
26.749046,0.41006133,35.349673919326925,-80.685302592894,0.34488237,0,5543.44,0.08237946,1,1,false,false,8.245613,-10.711602,10.292517,-2.6648812,0.20908895,3
26.571806,0.4101771,35.349677885308196,-80.68530347305514,0.33294317,0,5556.649,0.08719013,1,1,false,false,8.589143,-10.416545,11.095628,-2.6615326,0.19408447,3
26.403442,0.41029197,35.349681761066,-80.68530435321627,0.32516372,0,5552.5977,0.093166865,1,1,false,false,8.348565,-9.676658,10.283135,-2.6583965,0.18040897,3
26.250162,0.41040593,35.349685727047266,-80.6853052333774,0.31863496,0,5539.2974,0.098852076,1,1,false,false,7.3786063,-8.865649,9.003275,-2.655588,0.1547261,3
26.112803,0.4105191,35.34968960280507,-80.68530611353853,0.31185427,0,5515.273,0.105703324,1,1,false,false,6.386563,-8.087598,8.079409,-2.653257,0.12567289,3
25.980797,0.4106315,35.34969338833941,-80.68530699369967,0.3061104,0,5473.183,0.1116803,1,1,false,false,6.906966,-8.120281,8.988454,-2.6513534,0.105470456,3
25.84221,0.41074306,35.349697264097216,-80.6853078738608,0.30455583,0,5426.5083,0.12173783,1,1,false,false,6.8001795,-8.602728,9.900253,-2.6496797,0.097391374,3
25.692522,0.41085342,35.34970105018171,-80.68530886397912,0.30488765,0,5394.3057,0.13310681,1,1,false,false,6.3631077,-9.380657,10.6771755,-2.6480587,0.096962504,3
25.535574,0.41096273,35.34970474549259,-80.68530974414026,0.3069631,0,5390.117,0.14913991,1,1,false,false,5.6449623,-9.648851,10.155422,-2.6464949,0.08894955,3
25.38156,0.41107097,35.349708531026934,-80.68531073425858,0.30728313,0,5404.1914,0.16531742,1,1,false,false,4.5631666,-9.265738,8.958803,-2.6451209,0.07688735,3
25.231995,0.4111782,35.34971222688796,-80.68531172437689,0.31194842,0,5401.41,0.18848953,1,1,false,false,4.379759,-8.939482,8.893077,-2.643865,0.07637765,3
25.09101,0.41128448,35.34971592219885,-80.68531271466308,0.3158706,0,5366.6694,0.21428223,1,1,false,false,4.2769256,-8.502116,8.978623,-2.642524,0.08501175,3
24.952312,0.4113898,35.34971961805987,-80.68531359465635,0.3218679,0,5312.6216,0.2374504,1,1,false,false,4.511032,-8.579732,9.7105875,-2.6410382,0.09395872,3
24.805573,0.4114942,35.34972322314729,-80.68531458494255,0.32903838,0,5264.936,0.26513278,1,1,false,false,4.757547,-9.342246,10.712658,-2.6393673,0.1070418,3
24.648441,0.41159743,35.34972691900832,-80.68531557506086,0.3324938,0,5238.5933,0.2881508,1,1,false,false,4.2950425,-9.747294,10.948469,-2.637476,0.11921534,3
24.489319,0.41169932,35.34973052409575,-80.68531656517918,0.33326644,0,5225.555,0.31466278,1,1,false,false,4.742224,-9.627186,10.637122,-2.6353774,0.13414915,3
24.336489,0.41179994,35.34973403950985,-80.68531766542256,0.33218497,0,5208.9,0.33724025,1,1,false,false,4.730482,-9.23034,9.712459,-2.6329749,0.15390337,3
24.18944,0.4118993,35.349737645147414,-80.68531865554088,0.33082607,0,5177.2666,0.36301926,1,1,false,false,4.9935575,-8.861459,9.39733,-2.6302733,0.17033575,3
24.04811,0.4119975,35.34974116001138,-80.6853196456592,0.33078408,0,5136.042,0.38369948,1,1,false,false,5.0730834,-8.663659,9.424542,-2.6272912,0.18765536,3
23.905071,0.41209462,35.349744675425484,-80.68532074590259,0.33078414,0,5092.706,0.40554312,1,1,false,false,5.0729117,-8.855831,9.786015,-2.6240132,0.20550919,3
23.76126,0.41219062,35.34974810061613,-80.68532173602091,0.33098012,0,5055.4272,0.42578375,1,1,false,false,5.22164,-8.638016,9.816098,-2.6204548,0.2205657,3
23.623705,0.4122856,35.349751525806774,-80.68532283626429,0.33089608,0,5028.8896,0.44150907,1,1,false,false,5.5173864,-8.405253,9.360792,-2.6167006,0.22890775,3
23.484789,0.41237938,35.34975504122088,-80.68532382638261,0.33106405,0,5010.38,0.4588347,1,1,false,false,6.164545,-8.525964,9.663971,-2.6128402,0.23457542,3
23.349344,0.4124713,35.34975837618806,-80.685324926626,0.331414,0,4992.5127,0.47193792,1,1,false,false,6.643565,-8.184367,9.415389,-2.6088543,0.24486075,3
23.218004,0.41256192,35.34976180137871,-80.6853260267015,0.33162418,0,4965.7944,0.48678696,1,1,false,false,6.768123,-8.086233,9.497448,-2.6046386,0.26179966,3
23.08665,0.41265127,35.349765136345894,-80.68532712694488,0.3302808,0,4929.748,0.49843308,1,1,false,false,7.26913,-8.063587,10.257545,-2.600084,0.28582066,3
22.957335,0.4127394,35.34976847131308,-80.6853282270204,0.33112,0,4892.4365,0.512553,1,1,false,false,7.439982,-7.855983,10.230616,-2.5951087,0.3100864,3
22.832573,0.41282636,35.34977180628026,-80.68532932726379,0.32977787,0,4861.072,0.5255077,1,1,false,false,7.3370514,-7.6361036,9.481782,-2.589804,0.3243105,3
22.71049,0.41291225,35.34977505102398,-80.68533053746435,0.33061633,0,4837.84,0.5438478,1,1,false,false,7.213878,-7.529519,9.063368,-2.5843248,0.3335083,3
22.585617,0.41299707,35.34977838599117,-80.68533163753986,0.33008522,0,4813.775,0.5639324,1,1,false,false,7.3032703,-7.773283,8.825988,-2.5786688,0.34485677,3
22.459154,0.41308078,35.34978163128504,-80.68533284774044,0.32714602,0,4784.684,0.5965314,1,1,false,false,7.077432,-7.8627715,8.7377405,-2.5728753,0.3500065,3
22.331327,0.41316354,35.3497847858053,-80.685334057941,0.320194,0,4752.265,0.64120257,1,1,false,false,7.2545238,-7.8969264,9.01059,-2.5669904,0.3569774,3
22.205904,0.41324398,35.34978803054902,-80.68533526814159,0.3125416,0,4717.1284,0.6849943,1,1,false,false,7.2507386,-7.6420913,8.753568,-2.5609972,0.36062956,3
22.083193,0.41332245,35.34979118561943,-80.68533647834215,0.30021074,0,4684.6777,0.75539625,1,1,false,false,7.687984,-7.5318775,8.886054,-2.5550146,0.35743585,3
21.957588,0.41339958,35.349794340139695,-80.68533768854273,0.2862341,0,4658.369,0.8291249,1,1,false,false,8.623403,-7.958427,9.943003,-2.5490367,0.3631503,3
21.826332,0.4134755,35.34979749465996,-80.6853388987433,0.2682173,0,4634.166,0.9214407,1,1,false,false,9.489499,-8.158204,10.975635,-2.5428252,0.38494802,3
21.696512,0.41355023,35.3498005595069,-80.68534021906893,0.24592128,0,4608.051,1.020556,1,1,false,false,10.220156,-7.882062,11.136917,-2.5361488,0.4176361,3
21.578762,0.41362387,35.34980362435385,-80.6853415392267,0.22740728,0,4580.5186,1.1036587,1,1,false,false,9.950194,-6.7923746,9.734987,-2.5289075,0.44984075,3
21.479584,0.41369653,35.34980668865065,-80.68534285938445,0.20811006,0,4547.9883,1.1894963,1,1,false,false,10.157331,-6.005018,9.051624,-2.521237,0.4694184,3
21.387112,0.41376823,35.349809753497595,-80.68534417971009,0.19270608,0,4511.024,1.2523685,1,1,false,false,11.801187,-5.718327,9.466663,-2.5131993,0.49752858,3
21.296959,0.41383913,35.349812727570935,-80.68534549986785,0.17890754,0,4480.4434,1.3149376,1,1,false,false,11.875949,-5.730859,9.05099,-2.5046196,0.53249806,3
21.206919,0.4139093,35.34981570219442,-80.68534693015067,0.1702605,0,4463.554,1.3555775,1,1,false,false,11.542786,-5.668467,8.908774,-2.495464,0.56479484,3
21.117332,0.41397867,35.34981867681791,-80.68534836026562,0.16501151,0,4460.264,1.3917139,1,1,false,false,11.939098,-5.3651595,9.1142645,-2.4858563,0.5855144,3
21.030275,0.414047,35.34982156121793,-80.68534979054844,0.16437158,0,4470.912,1.415512,1,1,false,false,12.697828,-5.5765443,9.191859,-2.4760022,0.59536403,3
20.940626,0.41411388,35.349824535291276,-80.68535133078846,0.16416481,0,4489.197,1.430312,1,1,false,false,13.5072975,-5.6283092,9.564304,-2.4660308,0.60138685,3
20.85389,0.41417986,35.3498274196913,-80.68535276107129,0.16384546,0,4499.783,1.4432253,1,1,false,false,13.951647,-5.3376703,9.593451,-2.455904,0.61573,3
20.768518,0.41424513,35.34983021386786,-80.68535430131129,0.1638267,0,4490.1206,1.4536715,1,1,false,false,15.317912,-5.6589017,11.182903,-2.445369,0.65391123,3
20.690329,0.41430965,35.34983309826789,-80.6853559515085,0.16454092,0,4458.872,1.465133,1,1,false,false,14.066969,-4.4165225,10.152204,-2.4340398,0.694637,3
20.62374,0.41437352,35.34983589244445,-80.6853574917485,0.16440919,0,4418.473,1.4749984,1,1,false,false,13.336611,-4.3950763,8.623296,-2.4225423,0.6833568,3
20.554142,0.41443673,35.34983868662101,-80.68535914194571,0.16418365,0,4383.412,1.4770293,1,1,false,false,13.75362,-4.4856834,8.704203,-2.4110997,0.6906538,3
20.485733,0.4144993,35.34984139112426,-80.68536090226797,0.16312344,0,4360.426,1.471081,1,1,false,false,11.312518,-4.360754,6.9909654,-2.3996766,0.67540663,3
20.421686,0.4145613,35.349844185300825,-80.68536255263305,0.15985122,0,4342.7485,1.455558,1,1,false,false,10.752182,-3.9805982,7.0968337,-2.3885164,0.66686934,3
20.34985,0.41462263,35.349846889253925,-80.68536431278744,0.15718076,0,4303.453,1.4432253,1,1,false,false,12.196079,-4.985676,9.024778,-2.3772793,0.6869254,3
20.262787,0.4146834,35.34984959320703,-80.6853660731097,0.15471412,0,4257.7393,1.4403234,1,1,false,false,13.03389,-5.9309783,10.684659,-2.3655007,0.726066,3
20.16822,0.4147436,35.349852206936674,-80.68536783343197,0.15299194,0,4213.257,1.444966,1,1,false,false,14.286851,-5.9112644,11.605417,-2.3531451,0.7519106,3
20.07793,0.4148033,35.34985482121646,-80.68536959375423,0.15139626,0,4169.4487,1.4610709,1,1,false,false,14.023884,-5.0348697,10.445992,-2.3406625,0.7417421,3
20.005295,0.41486248,35.3498574349461,-80.68537146403368,0.1496194,0,4174.564,1.4828316,1,1,false,false,10.790731,-4.432298,7.9704113,-2.3282766,0.74510694,3
19.9214,0.41492113,35.349860048675744,-80.68537333431313,0.1481296,0,4193.456,1.5005294,1,1,false,false,12.898948,-5.393077,8.139752,-2.3160007,0.7242292,3
19.838043,0.4149791,35.34986257273207,-80.68537520459259,0.1450284,0,4190.296,1.515761,1,1,false,false,11.659159,-5.107856,8.494791,-2.3039982,0.7257035,3
19.755228,0.41503644,35.34986509623825,-80.68537707487204,0.14137764,0,4151.582,1.5238832,1,1,false,false,12.892408,-4.8737397,9.561567,-2.2916863,0.75024366,3
19.678413,0.41509324,35.349867620294575,-80.68537905527656,0.13596171,0,4111.8237,1.5314258,1,1,false,false,14.806192,-4.853362,10.561871,-2.279034,0.7654534,3
19.58876,0.41514954,35.3498701443509,-80.68538103551319,0.12853579,0,4099.7153,1.5405633,1,1,false,false,16.269556,-5.9595118,11.994883,-2.2662356,0.76788485,3
19.48723,0.41520536,35.34987257763362,-80.68538301591771,0.123297274,0,4121.418,1.5517316,1,1,false,false,16.800566,-6.2229013,12.446182,-2.2534776,0.76152587,3
19.38817,0.41526073,35.34987492124303,-80.68538499615435,0.11755593,0,4157.1963,1.5687,1,1,false,false,16.848352,-5.7866225,11.285204,-2.2408419,0.75427985,3
19.305204,0.41531566,35.34987726485243,-80.68538708651606,0.11390434,0,4175.5996,1.5846521,1,1,false,false,15.22461,-4.719975,9.86497,-2.228405,0.74008214,3
19.239855,0.4153702,35.34987960846183,-80.68538917687776,0.10872022,0,4153.959,1.6023438,1,1,false,false,14.537472,-3.8446085,9.167674,-2.2160907,0.73864174,3
19.18985,0.4154244,35.349881952071236,-80.68539126723947,0.104216486,0,4109.9062,1.6155393,1,1,false,false,13.985775,-2.8620594,8.084675,-2.2037284,0.74418557,3
19.14499,0.41547832,35.34988420545718,-80.68539346755836,0.09876439,0,4067.3625,1.6300389,1,1,false,false,12.859496,-2.8886554,7.3440757,-2.1912985,0.7442774,3
19.1012,0.41553193,35.34988645884312,-80.68539566787724,0.09381306,0,4025.9102,1.6420728,1,1,false,false,12.152932,-2.7275715,6.9123425,-2.1789896,0.73122746,3
19.05141,0.41558522,35.34988871222907,-80.68539786819613,0.0863639,0,3985.6443,1.6583115,1,1,false,false,12.412251,-3.7750907,7.753061,-2.166919,0.7177858,3
18.975834,0.41563824,35.34989087539155,-80.68540006851504,0.07947266,0,3947.3726,1.6780281,1,1,false,false,14.539736,-4.922657,10.465375,-2.1550293,0.7105407,3
18.899696,0.41569084,35.34989312877749,-80.6854022690018,0.067940734,0,3910.0693,1.7128179,1,1,false,false,15.481143,-4.354001,12.076307,-2.1431804,0.71052045,3
18.83693,0.41574267,35.349895201716514,-80.68540457927787,0.058562998,0,3879.5625,1.7471697,1,1,false,false,15.916167,-3.7352974,11.44443,-2.1313534,0.7109681,3
18.757029,0.4157941,35.349897364879,-80.68540688972183,0.04768781,0,3935.8577,1.7899219,1,1,false,false,16.017014,-5.9490566,11.88478,-2.1194813,0.70983374,3
18.656084,0.41584516,35.34989943836816,-80.68540919999792,0.038605288,0,4032.0173,1.8307843,1,1,false,false,16.265594,-6.221011,11.798408,-2.1077154,0.7027543,3
18.567026,0.41589576,35.34990142108372,-80.68541151044187,0.030963816,0,4103.448,1.8617891,1,1,false,false,16.365997,-5.0376472,11.267069,-2.0960157,0.7050906,3
18.498125,0.41594607,35.34990340379928,-80.68541393084301,0.02268473,0,4114.6274,1.8914874,1,1,false,false,16.631052,-3.8280578,10.511695,-2.084084,0.7299637,3
18.456276,0.41599607,35.349905387064986,-80.68541635124416,0.015110771,0,4080.552,1.9130701,1,1,false,false,15.803988,-2.5434246,9.578634,-2.0715895,0.7697693,3
18.421824,0.41604587,35.34990728010723,-80.6854187716453,0.008998103,0,4038.7786,1.9261066,1,1,false,false,14.466519,-2.3059595,8.356042,-2.0585394,0.79407597,3
18.390913,0.41609544,35.34990917259933,-80.68542119204645,0.0026694578,0,3998.0466,1.9368247,1,1,false,false,13.420176,-2.0258346,7.979812,-2.0452516,0.79544973,3
18.357477,0.4161448,35.34991106564158,-80.68542372240478,-5.820766e-11,0,3980.9243,1.9439214,1,1,false,false,13.752809,-2.7051976,8.786233,-2.0322165,0.76739675,3
18.310354,0.4161939,35.34991286846036,-80.68542614280592,0,0,3981.6963,1.9536253,1,1,false,false,13.190273,-3.1802359,9.282731,-2.019671,0.7389551,3
18.259727,0.41624278,35.349914670729,-80.68542867316425,0,0,3984.3801,1.9686873,1,1,false,false,13.496574,-3.315912,10.041442,-2.0075564,0.7160096,3
18.211193,0.41629145,35.34991647354778,-80.68543131364765,0,0,3979.8247,1.9992428,1,1,false,false,13.878867,-3.044794,10.173078,-1.995789,0.6971271,3
18.166607,0.41633987,35.34991818614311,-80.68543384400598,0,0,3966.1082,2.0319667,1,1,false,false,14.529217,-2.915315,10.58016,-1.9843104,0.68064713,3
18.123388,0.41638815,35.34991989873843,-80.68543637436431,0,0,3948.6748,2.0756888,1,1,false,false,14.454133,-2.8486996,10.601463,-1.973114,0.66180265,3
18.079065,0.4164363,35.34992161133375,-80.68543901484772,0,0,3934.544,2.1192598,1,1,false,false,15.403493,-3.1618516,11.050129,-1.9621984,0.6497908,3
18.029898,0.41648433,35.34992323370561,-80.68544165516323,0,0,3927.1377,2.1547198,1,1,false,false,15.044104,-3.3610532,10.437432,-1.951356,0.65173066,3
17.98189,0.4165316,35.34992485607747,-80.68544429564663,0,0,3926.778,2.1842432,1,1,false,false,14.383122,-3.2691774,9.6476755,-1.940417,0.66111004,3
17.933252,0.41657782,35.34992647899948,-80.68544693613002,0,0,3930.0017,2.2102895,1,1,false,false,14.082383,-3.4624915,9.649695,-1.9292622,0.67785764,3
17.884956,0.4166238,35.34992801114788,-80.6854496865706,0,0,3928.277,2.2279418,1,1,false,false,13.915789,-3.2579603,9.518631,-1.9177941,0.6983806,3
17.844921,0.41666952,35.349929543296284,-80.68545232688614,0,0,3914.8457,2.2448702,1,1,false,false,13.067068,-2.5894828,8.752858,-1.9059882,0.71589464,3
17.813374,0.41671497,35.349930985771365,-80.68545507732672,0,0,3891.8691,2.2600603,1,1,false,false,12.74167,-2.330686,8.513824,-1.8939823,0.72430074,3
17.781204,0.4167602,35.3499324276963,-80.6854578277673,0,0,3867.2654,2.2748165,1,1,false,false,12.665161,-2.4533079,8.673349,-1.8817965,0.7384541,3
17.74612,0.4168052,35.349933869621246,-80.68546057820788,0,0,3851.0444,2.2889931,1,1,false,false,13.122712,-2.719631,9.047261,-1.8693336,0.7583414,3
17.70553,0.41684997,35.34993531209633,-80.68546332864847,0,0,3845.7734,2.3025904,1,1,false,false,13.369376,-3.0058255,9.623861,-1.8564914,0.78160524,3
17.662695,0.41689456,35.34993666379781,-80.68546607908905,0,0,3848.302,2.314886,1,1,false,false,13.967936,-3.0587637,9.89951,-1.8433136,0.7981572,3
17.619677,0.41693893,35.349938016049435,-80.6854689396547,0,0,3851.888,2.328337,1,1,false,false,14.480486,-3.0582948,10.06513,-1.8299277,0.80743134,3
17.578047,0.41698313,35.34993927807759,-80.68547169009528,0,0,3850.963,2.3384612,1,1,false,false,14.931004,-2.9391088,10.072833,-1.8164172,0.81362957,3
17.53967,0.41702718,35.349940540105756,-80.68547455049305,0,0,3843.2107,2.3461266,1,1,false,false,15.037925,-2.7092755,10.026957,-1.8028079,0.81741065,3
17.505247,0.4170711,35.349941801583775,-80.68547741089083,0,0,3827.9304,2.3520565,1,1,false,false,14.788228,-2.5025551,9.697588,-1.7891991,0.81582004,3
17.472021,0.41711488,35.34994297338848,-80.68548027145648,0,0,3810.209,2.3575528,1,1,false,false,14.300806,-2.52309,9.46808,-1.775562,0.8207775,3
17.436947,0.41715857,35.34994414519318,-80.68548313185426,0,0,3799.7852,2.3634818,1,1,false,false,14.11183,-2.6628559,9.218019,-1.7618319,0.8262416,3
17.400236,0.41720214,35.34994522677442,-80.6854859924199,0,0,3800.576,2.371002,1,1,false,false,13.027252,-2.6574695,8.4004,-1.7480541,0.8232109,3
17.364515,0.4172456,35.34994630835566,-80.68548885281767,0,0,3804.504,2.3790998,1,1,false,false,12.814778,-2.5151138,8.208221,-1.7344627,0.8060143,3
17.330906,0.4172889,35.3499473899369,-80.6854918233405,0,0,3800.737,2.3877773,1,1,false,false,13.717687,-2.4414587,9.314174,-1.7211399,0.79402417,3
17.298542,0.41733214,35.34994847151815,-80.68549468373828,0,0,3785.3926,2.3992007,1,1,false,false,13.86757,-2.3875709,9.7281,-1.7078948,0.7958219,3
17.265873,0.4173738,35.34994946342607,-80.68549765426111,0,0,3766.4666,2.4090323,1,1,false,false,14.005326,-2.4650142,9.575269,-1.6945591,0.8020981,3
17.231092,0.41741478,35.34995036456039,-80.68550062461608,0,0,3755.5925,2.419444,1,1,false,false,13.976614,-2.5991383,9.189442,-1.6811607,0.8030275,3
17.19456,0.41745558,35.34995126624485,-80.68550348518173,0,0,3756.3801,2.4286976,1,1,false,false,13.993634,-2.7338896,9.273599,-1.6677771,0.8019649,3
17.156174,0.41749614,35.34995216737917,-80.68550645553668,0,0,3761.122,2.4353476,1,1,false,false,13.838714,-2.7771566,9.312488,-1.6543932,0.8015932,3
17.118753,0.41753653,35.34995306851349,-80.68550942605953,0,0,3760.1885,2.4409869,1,1,false,false,14.079597,-2.6734629,9.536845,-1.6410375,0.7989834,3
17.084461,0.41757673,35.34995387997449,-80.68551239658235,0,0,3749.6025,2.4473479,1,1,false,false,14.232796,-2.4663098,9.494147,-1.6277157,0.7988455,3
17.052425,0.41761675,35.349954690885355,-80.6855153671052,0,0,3732.9583,2.454143,1,1,false,false,14.072202,-2.4630897,9.221275,-1.6143059,0.81130064,3
17.01786,0.41765663,35.349955412122895,-80.68551833746015,0,0,3720.437,2.4622383,1,1,false,false,13.993086,-2.6714103,9.269344,-1.600581,0.8353938,3
16.979948,0.41769636,35.349956133360436,-80.68552141794018,0,0,3721.1255,2.470624,1,1,false,false,13.43978,-2.7831857,9.010255,-1.5864824,0.85201454,3
16.942648,0.4177359,35.34995685459798,-80.68552438846301,0,0,3727.6565,2.4797301,1,1,false,false,12.47312,-2.6271336,8.308135,-1.572356,0.8374754,3
16.908772,0.4177753,35.34995748506192,-80.68552735898585,0,0,3725.9397,2.4882596,1,1,false,false,12.767896,-2.3668046,8.348327,-1.5585936,0.81429136,3
16.878237,0.41781455,35.349958116075996,-80.68553032950868,0,0,3712.616,2.4957757,1,1,false,false,12.945078,-2.2342257,8.604542,-1.5451272,0.8009077,3
16.847649,0.4178537,35.34995865686662,-80.68553340998871,0,0.0082000205,3694.0903,2.5035815,1,1,false,false,13.950195,-2.2820184,9.222577,-1.5317554,0.8034339,3
16.817936,0.41789278,35.34995919765724,-80.68553638034368,0,0.016924083,3679.848,2.5125442,1,1,false,false,12.635163,-2.189729,8.153877,-1.51841,0.79348373,3
16.787975,0.41793174,35.34995973844786,-80.68553946082369,0,0.027081609,3674.5505,2.5242512,1,1,false,false,12.520058,-2.2216094,8.164488,-1.5052878,0.7785425,3
16.75769,0.41797057,35.349960279788625,-80.68554243134653,0,0.032954186,3676.7458,2.534225,1,1,false,false,12.831482,-2.249221,8.452578,-1.4924159,0.7636402,3
16.728367,0.41800934,35.34996073035578,-80.68554540186936,0,0.041847788,3679.8608,2.544919,1,1,false,false,12.865162,-2.1121237,8.655044,-1.4797732,0.7496162,3
16.70277,0.41804805,35.349961180922946,-80.68554848234939,0,0.050988026,3678.991,2.5530133,1,1,false,false,13.284136,-1.827093,9.269307,-1.4673581,0.7359405,3
16.678455,0.4180867,35.349961541266644,-80.68555145287223,0,0.06584668,3684.2378,2.5616844,1,1,false,false,14.254402,-2.057813,9.880459,-1.455125,0.72958493,3
16.648329,0.4181253,35.34996190216049,-80.68555453335225,0,0.092727914,3708.1018,2.5700653,1,1,false,false,15.287091,-2.636127,10.369538,-1.4428366,0.7470837,3
16.604895,0.41816387,35.349962172280726,-80.68555750387509,0,0.12279971,3756.6477,2.5758464,1,1,false,false,19.350868,-3.5600011,14.000427,-1.429789,0.82526034,3
16.557205,0.41820556,35.34996244295111,-80.68556058435512,0,0.15849751,3832.1985,2.5797486,1,1,false,false,19.933414,-3.7241416,14.978808,-1.4152305,0.9201211,3
16.509808,0.41824788,35.34996271307135,-80.68556355471007,0,0.20008326,3936.531,2.582782,1,1,false,false,19.386894,-3.5236597,13.156454,-1.3993104,0.9896375,3
16.472652,0.41829008,35.34996289351827,-80.6855666351901,0,0.23534945,4047.806,2.5822046,1,1,false,false,17.641865,-3.0163298,10.913501,-1.3825692,1.0231383,3
16.444328,0.41833213,35.349962983741726,-80.68556960571293,0,0.2660686,4121.541,2.5751233,1,1,false,false,15.372079,-1.613411,9.107832,-1.3654753,1.034026,3
16.468723,0.41837415,35.34996307396519,-80.68557257623577,0,0.29581684,4045.86,2.5628397,1,1,false,false,11.485794,2.191724,6.793788,-1.3483056,1.0370095,3
16.514317,0.4184162,35.349963163638506,-80.6855756567158,0,0.3264898,3962.0715,2.5483875,1,1,false,false,11.084754,2.1891186,6.598828,-1.3310429,1.0465648,3
16.553314,0.4184583,35.349963253861965,-80.68557862723863,0,0.3506582,3955.9216,2.5431852,1,1,false,false,10.950493,1.7431954,6.856956,-1.3136303,1.0506791,3
16.579767,0.41850045,35.349963253861965,-80.68558170771865,0,0.36913896,3990.481,2.5524347,1,1,false,false,11.211727,1.1960421,7.249513,-1.2962939,1.0374024,3
16.60592,0.41854256,35.349963253861965,-80.68558478819868,0,0.38640225,4025.4985,2.5746906,1,1,false,false,13.041196,1.7162378,9.223307,-1.2793006,1.0072284,3
16.641815,0.4185848,35.349963163638506,-80.68558775872151,0,0.39857888,4008.9583,2.6022904,1,1,false,false,15.610482,2.4297266,11.571964,-1.2630148,0.95154756,3
16.699396,0.4186271,35.34996307396519,-80.68559083920154,0,0.40884423,3943.0034,2.6356666,1,1,false,false,18.004524,3.8618555,13.707311,-1.2477661,0.8781893,3
16.765596,0.4186696,35.349962983741726,-80.68559391968157,0,0.4167822,3823.0151,2.6636934,1,1,false,false,18.915663,3.8773944,14.393034,-1.23381,0.7998059,3
16.830675,0.4187123,35.34996280329481,-80.6855970001616,0,0.42078984,3702.9143,2.687675,1,1,false,false,18.88868,3.3306966,13.956076,-1.2209796,0.7412535,3
16.873928,0.41875514,35.34996253317457,-80.6856000806416,0,0.4241345,3681.3496,2.7058747,1,1,false,false,18.588896,1.5115554,12.701946,-1.2089337,0.70860285,3
16.890299,0.41879812,35.349962262504185,-80.68560316112163,0,0.42670855,3768.6165,2.7110746,1,1,false,false,15.808004,0.11311561,10.140147,-1.1970948,0.71692586,3
16.893932,0.41884112,35.3499619918338,-80.68560624160166,0,0.42900527,3900.6172,2.7074628,1,1,false,false,13.080176,-0.22394459,8.935215,-1.1849514,0.7356762,3
16.899576,0.41888413,35.3499616314901,-80.68560932208169,0,0.431009,4029.2522,2.6948977,1,1,false,false,11.536293,0.24411634,7.0208244,-1.1727103,0.729764,3
16.933332,0.41892722,35.349961271146405,-80.68561240256172,0,0.43318227,4125.184,2.678429,1,1,false,false,10.870839,2.997157,7.4671693,-1.16068,0.7073294,3
16.995207,0.41897047,35.34996091025256,-80.68561548304173,0,0.43404543,4111.395,2.6647048,1,1,false,false,9.731671,3.7826352,7.4909463,-1.1490545,0.691256,3
17.069252,0.4190145,35.349960459685406,-80.68561856352176,0,0.43481612,3999.8977,2.6589262,1,1,false,false,10.266858,4.272213,8.860696,-1.1373651,0.71593094,3
17.136446,0.4190602,35.34996000911824,-80.68562164400178,0,0.43444616,3925.6997,2.6616719,1,1,false,false,12.079269,3.3493514,10.052102,-1.1250451,0.760414,3
17.181921,0.41910595,35.349959558551085,-80.68562472448181,0,0.4349703,3952.8772,2.6665838,1,1,false,false,13.896981,1.6906722,10.7592325,-1.1120768,0.79220325,3
17.201529,0.41915175,35.34995901776046,-80.68562780512971,0,0.4331823,4013.015,2.6720734,1,1,false,false,14.282348,0.5858669,10.556683,-1.098675,0.81479394,3
17.215944,0.41919756,35.34995847696984,-80.68563088560973,0,0.4314868,4094.1418,2.675107,1,1,false,false,14.654479,0.74429315,10.483004,-1.084982,0.82616574,3
17.241758,0.41924337,35.34995793617922,-80.68563396608975,0,0.43003786,4166.0137,2.6745288,1,1,false,false,14.8373995,1.6071156,10.381001,-1.0711966,0.828816,3
17.283283,0.4192893,35.34995730516514,-80.68563704656978,0,0.42741758,4163.1787,2.6677394,1,1,false,false,13.223299,2.6492362,9.216061,-1.0573076,0.83999926,3
17.33919,0.41933528,35.34995667415106,-80.68564012704981,0,0.42512095,4116.988,2.6573377,1,1,false,false,12.138389,3.1828983,8.964274,-1.0432836,0.84240955,3
17.385784,0.41938138,35.34995595291352,-80.68564320752984,0,0.42458153,4061.0085,2.643468,1,1,false,false,14.469519,1.9853451,10.351436,-1.029114,0.863674,3
17.411531,0.4194276,35.34995523167598,-80.68564628800985,0,0.42431957,4083.256,2.6330657,1,1,false,false,15.207373,0.969229,11.265908,-1.014517,0.88950664,3
17.428257,0.41947386,35.349954510988574,-80.68564925853269,0,0.4230247,4174.1626,2.6254086,1,1,false,false,16.50874,0.83662933,12.035309,-0.99960446,0.9028387,3
17.453691,0.41952017,35.349953699527575,-80.68565233901272,0,0.42404205,4228.5205,2.6259866,1,1,false,false,17.018421,1.790827,12.249101,-0.9845037,0.9153138,3
17.498903,0.4195666,35.34995288861671,-80.68565541949273,0,0.42302477,4168.3867,2.6323438,1,1,false,false,17.133488,3.0217137,12.3121605,-0.9691411,0.93429506,3
17.559551,0.41961318,35.349951986932254,-80.68565839001558,0,0.4236567,4023.4824,2.6404345,1,1,false,false,16.945936,3.5015376,11.9307,-0.9534509,0.95353466,3
17.613247,0.41965994,35.34995108579793,-80.6856614704956,0,0.42378008,3935.8406,2.647803,1,1,false,false,16.868704,2.5875225,11.429241,-0.93751043,0.96255064,3
17.646557,0.41970688,35.34995009444015,-80.68566444085056,0,0.4246124,3958.5898,2.6535819,1,1,false,false,16.887526,1.3449558,11.2763195,-0.9215801,0.9536597,3
17.661777,0.41975388,35.34994910253223,-80.6856674113734,0,0.4256913,4037.743,2.6566157,1,1,false,false,16.85085,0.43107757,11.567054,-0.9058108,0.94924164,3
17.66759,0.41980094,35.34994802095098,-80.68567038189623,0,0.42738682,4108.567,2.656471,1,1,false,false,17.0364,0.54544693,12.142074,-0.8900056,0.9562533,3
17.685213,0.41984874,35.349946939369744,-80.68567335241907,0,0.42783383,4118.676,2.65257,1,1,false,false,17.52775,1.1576784,11.983931,-0.87410897,0.9595691,3
17.698292,0.41989768,35.349945857788505,-80.68567632277403,0,0.4305929,4112.7583,2.645635,1,1,false,false,16.755363,0.4276148,10.885356,-0.8582228,0.95458597,3
17.70626,0.4199466,35.3499446859838,-80.68567929329686,0,0.43267366,4168.289,2.6350882,1,1,false,false,15.786543,0.8771366,9.562124,-0.84254795,0.92745316,3
17.732025,0.41999555,35.3499435141791,-80.68568215369464,0,0.44215292,4286.7866,2.6242526,1,1,false,false,15.477311,1.9016324,9.563969,-0.82767475,0.85838294,3
17.77402,0.42004454,35.34994225270108,-80.68568501426029,0,0.45745856,4321.9897,2.6139946,1,1,false,false,13.973269,3.2818418,8.882194,-0.8139731,0.79235303,3
17.842752,0.4200937,35.34994099067292,-80.68568787465806,0,0.4790529,4214.0806,2.6096597,1,1,false,false,12.223553,5.0913606,8.397317,-0.80116874,0.7459334,3
17.932173,0.42014304,35.349939728644756,-80.68569084518089,0,0.500894,4099.217,2.6090815,1,1,false,false,11.986399,5.386084,8.796519,-0.78914976,0.6969714,3
18.009092,0.42019263,35.34993837639313,-80.68569370557867,0,0.523598,4058.5947,2.609226,1,1,false,false,12.714939,4.4013605,9.836727,-0.77785957,0.6595673,3
18.073122,0.42024243,35.34993702469165,-80.68569656614432,0,0.54029113,4074.754,2.6085033,1,1,false,false,14.0320425,3.612207,10.900803,-0.7670855,0.6335927,3
18.116632,0.42029235,35.349935672440026,-80.6856993165849,0,0.5561825,4113.5386,2.6050358,1,1,false,false,18.092073,1.8090187,12.657182,-0.7565563,0.64645547,3
18.147182,0.4203424,35.34993423051509,-80.68570217698267,0,0.57088697,4172.114,2.5940533,1,1,false,false,17.27368,1.9634076,14.231363,-0.7450664,0.7331151,3
18.178465,0.42039254,35.34993269781654,-80.68570503738044,0,0.5871329,4240.231,2.5687652,1,1,false,false,15.393463,1.6129124,11.99452,-0.73226357,0.7973129,3
18.207035,0.42044276,35.349931255891605,-80.68570778782103,0,0.5979993,4341.7812,2.5311885,1,1,false,false,16.14749,1.7472194,11.965285,-0.7186472,0.8322688,3
18.241875,0.4204931,35.3499297237432,-80.68571053826162,0,0.60952854,4467.067,2.4791527,1,1,false,false,18.246954,2.216057,13.164169,-0.70455086,0.86090374,3
18.293032,0.42054358,35.34992810137134,-80.68571328870219,0,0.6201638,4541.1235,2.396309,1,1,false,false,16.761255,3.5226698,12.230024,-0.68988794,0.89749634,3
18.367922,0.42059425,35.34992647899948,-80.68571592918559,0,0.6293814,4488.0635,2.3098226,1,1,false,false,15.743925,4.9777794,11.769557,-0.674558,0.94226414,3
18.455475,0.4206452,35.34992485607747,-80.68571867962618,0,0.63741183,4402.887,2.2047906,1,1,false,false,14.54956,5.299519,11.208111,-0.6584961,0.97882056,3
18.54281,0.4206974,35.34992314348215,-80.68572132010956,0,0.64313024,4384.565,2.1072469,1,1,false,false,14.529678,5.255634,10.824772,-0.64204764,0.9869083,3
18.632967,0.42075023,35.34992134121351,-80.68572407055015,0,0.64744604,4416.707,2.007062,1,1,false,false,14.651446,5.6522765,10.801393,-0.6257464,0.9615747,3
18.721783,0.4208033,35.34991962861819,-80.68572671086568,0,0.65134555,4404.032,1.8949635,1,1,false,false,14.588164,5.6109457,10.970599,-0.60998714,0.9272466,3
18.8125,0.42085657,35.3499178257994,-80.68572935134907,0,0.65313375,4316.4893,1.7991959,1,1,false,false,13.8468485,5.546729,10.173581,-0.5946878,0.91165984,3
18.888958,0.42091012,35.34991593275716,-80.68573188170741,0,0.6555382,4293.883,1.7128183,1,1,false,false,13.308982,4.432064,9.648056,-0.5794494,0.9116225,3
18.94469,0.42096385,35.34991404026506,-80.6857345221908,0,0.6573416,4397.0044,1.6313434,1,1,false,false,13.386602,3.3073318,9.382231,-0.56450933,0.8694563,3
18.996775,0.42101774,35.34991214722282,-80.68573705254913,0,0.66107154,4545.155,1.545495,1,1,false,false,15.166499,3.9144728,10.998195,-0.5505019,0.8138875,3
19.067514,0.42107183,35.34991025418057,-80.68573969303253,0,0.6646936,4603.567,1.4570085,1,1,false,false,11.4859495,5.528972,8.982635,-0.537302,0.7596738,3
19.167767,0.42112622,35.34990827146501,-80.68574222339086,0,0.66996515,4511.6406,1.3821362,1,1,false,false,9.384351,6.849907,6.862813,-0.5254059,0.66918343,3
19.259243,0.4211809,35.34990628819931,-80.68574475374919,0,0.6754676,4423.5435,1.3079697,1,1,false,false,20.800945,4.937565,15.918957,-0.51431525,0.7009863,3
19.327753,0.42123583,35.34990421526029,-80.68574728427541,0,0.6804463,4453.254,1.2485942,1,1,false,false,21.731443,4.2650113,18.165607,-0.50153863,0.82560897,3
19.392605,0.4212909,35.34990214232126,-80.68574970450867,0,0.6855329,4565.9395,1.1905123,1,1,false,false,20.493805,4.121869,15.153756,-0.4869945,0.90785587,3
19.46763,0.42134616,35.34989997915878,-80.68575212490981,0,0.6909584,4630.205,1.1359054,1,1,false,false,17.591879,5.0435143,13.0146885,-0.47142518,0.938743,3
19.55824,0.42140168,35.349897815446155,-80.68575454531096,0,0.6960603,4569.786,1.0786719,1,1,false,false,12.899276,6.1663184,9.590633,-0.4557687,0.92020667,3
19.65031,0.42145756,35.34989565228367,-80.68575685575492,0,0.70032966,4521.116,1.0176501,1,1,false,false,10.469597,6.2343235,8.952397,-0.44054255,0.8864711,3
19.742334,0.42151418,35.34989339889773,-80.68575927615606,0,0.70479983,4557.2983,0.94309807,1,1,false,false,10.750483,5.6759233,8.222429,-0.42622185,0.8127643,3
19.813194,0.42157173,35.34989114551178,-80.68576158643214,0,0.71010196,4641.9854,0.8662001,1,1,false,false,6.890505,4.3964076,4.909745,-0.41315314,0.75704145,3
19.890747,0.42162952,35.34988889212585,-80.6857638968761,0,0.71683764,4736.0674,0.7821561,1,1,false,false,9.158118,7.0004363,8.056302,-0.40058267,0.7354521,3
19.973173,0.42168766,35.34988654851644,-80.68576631727724,0,0.7243751,4726.5405,0.71961546,1,1,false,false,15.955937,5.381686,14.640817,-0.38935468,0.5824915,3
20.062431,0.421746,35.34988420545718,-80.68576851759613,0,0.7312801,4664.354,0.6668093,1,1,false,false,15.566268,6.2660275,11.756142,-0.3811924,0.4164951,3
20.146257,0.42180464,35.34988186184778,-80.68577082804009,0,0.7368907,4686.4,0.6265068,1,1,false,false,11.996172,5.2277703,8.730477,-0.37514836,0.3249424,3
20.199823,0.42186356,35.34987942801491,-80.68577302835898,0,0.7423471,4827.189,0.59696776,1,1,false,false,10.895752,1.7979412,7.4893723,-0.3702337,0.30309087,3
20.256987,0.42192265,35.34987699418205,-80.68577533863507,0,0.74578434,5048.688,0.58532584,1,1,false,false,7.766656,8.904949,11.583355,-0.36461478,0.37036327,3
20.39074,0.42198226,35.34987456089932,-80.68577753912183,0,0.74934494,5107.2886,0.58474356,1,1,false,false,7.660603,6.2987638,13.085254,-0.35841772,0.3815038,3
20.510544,0.42204234,35.349872036843,-80.68577973944072,0,0.7537842,4914.8833,0.58925474,1,1,false,false,4.7622795,9.396173,11.301442,-0.35170248,0.42696765,3
20.66773,0.42210305,35.349869603010134,-80.68578193975961,0,0.759117,4723.747,0.5894005,1,1,false,false,5.90124,9.629013,9.954976,-0.34421444,0.46676806,3
20.798124,0.42216438,35.34986707950395,-80.68578414007851,0,0.7681494,4739.3784,0.58692634,1,1,false,false,7.006013,7.364069,8.516091,-0.33627185,0.4778895,3
20.896837,0.42222625,35.34986446577431,-80.6857863403974,0,0.77648824,4821.6406,0.58023214,1,1,false,false,7.961157,6.0879054,8.38014,-0.32850054,0.45450184,3
20.996138,0.42228857,35.34986194171799,-80.68578854088416,0,0.7882488,4878.3003,0.5720824,1,1,false,false,8.2387,6.770302,9.357761,-0.32108983,0.4396209,3
21.105356,0.4223519,35.34985932798835,-80.68579074120306,0,0.80082613,4909.853,0.56320447,1,1,false,false,7.930489,7.220525,9.287569,-0.31382418,0.43504295,3
21.220633,0.42241612,35.34985662403524,-80.68579283156477,0,0.81468284,4878.8657,0.55563647,1,1,false,false,8.302412,7.4541006,9.954052,-0.3065957,0.43604615,3
21.33477,0.42248076,35.349854009755454,-80.68579503188366,0,0.8295417,4874.0557,0.55025166,1,1,false,false,8.569886,7.208072,10.35209,-0.29928777,0.4410606,3
21.442558,0.42254594,35.34985130580235,-80.68579712224536,0,0.8433367,4948.585,0.5458855,1,1,false,false,8.768414,6.8347054,10.454398,-0.29191756,0.44204524,3
21.549765,0.42261147,35.34984860184925,-80.68579932256425,0,0.8555597,5015.938,0.54151875,1,1,false,false,8.334564,7.0630546,10.140032,-0.28453252,0.44290206,3
21.664396,0.42267755,35.349845897896145,-80.68580141292595,0,0.8681217,5057.684,0.53569686,1,1,false,false,8.141438,7.515713,9.916023,-0.2770937,0.44729933,3
21.783827,0.42274413,35.349843103719586,-80.68580350311979,0,0.87724656,5091.0063,0.53060234,1,1,false,false,8.377488,7.8241777,9.977335,-0.26952967,0.45785955,3
21.908537,0.42281124,35.349840308992874,-80.68580559348149,0,0.8870959,5121.6196,0.5271088,1,1,false,false,8.732108,8.004582,9.974009,-0.26179954,0.46540108,3
22.03318,0.42287895,35.349837514816315,-80.6858076838432,0,0.8950645,5080.2397,0.52652705,1,1,false,false,8.77742,7.979311,9.623632,-0.25397256,0.47018653,3
22.155283,0.4229472,35.349834630966434,-80.6858097742049,0,0.9029871,5071.561,0.52987444,1,1,false,false,9.349409,7.695258,10.028323,-0.24609904,0.46881098,3
22.27057,0.423016,35.34983183678987,-80.6858118645666,0,0.9072722,5146.2046,0.5365701,1,1,false,false,9.954848,7.355816,10.30326,-0.2383878,0.45084664,3
22.388182,0.42308542,35.34982886216638,-80.68581384480323,0,0.91024685,5204.799,0.551416,1,1,false,false,9.637092,7.839536,10.46043,-0.23109584,0.42390484,3
22.515854,0.42315587,35.34982597776636,-80.68581593516494,0,0.9104936,5217.776,0.566552,1,1,false,false,9.300785,8.405358,10.558492,-0.22414786,0.41294426,3
22.64977,0.42323214,35.34982300314287,-80.68581791556946,0,0.90929115,5216.396,0.5848891,1,1,false,false,9.291524,8.606373,10.694007,-0.2172396,0.4180051,3
22.782475,0.423309,35.34982002851939,-80.6858198958061,0,0.90824306,5228.884,0.60089654,1,1,false,false,9.748613,8.313794,10.758878,-0.21018471,0.4293883,3
22.90916,0.42338634,35.34981696422258,-80.68582187621061,0,0.90694857,5206.788,0.61559397,1,1,false,false,10.037556,7.9191813,10.833582,-0.20290954,0.44332454,3
23.027023,0.4234642,35.34981389937564,-80.68582385644726,0,0.9031104,5225.56,0.6299988,1,1,false,false,10.171136,7.3264246,10.093115,-0.19542406,0.45237535,3
23.135689,0.4235426,35.349810835078834,-80.68582583685178,0,0.8968527,5312.436,0.6441127,1,1,false,false,10.319112,6.862952,9.660897,-0.18787394,0.45409375,3
23.243792,0.42362148,35.34980777023189,-80.68582770713122,0,0.8861709,5383.835,0.6590984,1,1,false,false,9.771426,7.0757756,9.234402,-0.18025236,0.46160796,3
23.356485,0.42370087,35.349804615711626,-80.68582957741067,0,0.8746879,5426.409,0.67190087,1,1,false,false,9.284974,7.4123487,9.139356,-0.17243892,0.47595927,3
23.473564,0.42378086,35.349801460641224,-80.68583155764732,0,0.8653163,5460.1133,0.6847034,1,1,false,false,9.265248,7.559529,9.341957,-0.1643621,0.49288285,3
23.592358,0.4238614,35.34979830612096,-80.68583342792677,0,0.85945916,5489.3613,0.6941594,1,1,false,false,9.36886,7.6753535,9.733572,-0.15601672,0.50712377,3
23.713419,0.4239426,35.349795061377236,-80.68583518824903,0,0.85475826,5446.335,0.7011416,1,1,false,false,9.939653,7.797118,10.219065,-0.14749481,0.5135791,3
23.830061,0.42402527,35.34979181663351,-80.68583705852849,0,0.853294,5426.3887,0.7036146,1,1,false,false,10.762874,7.233114,10.252847,-0.13898422,0.50834584,3
23.936424,0.42410907,35.349788571339644,-80.68583881885075,0,0.8526927,5481.8945,0.7001234,1,1,false,false,11.504564,6.780778,10.528398,-0.13057819,0.5051737,3
24.039364,0.42419338,35.34978532659592,-80.6858406891302,0,0.8522303,5547.8335,0.69241357,1,1,false,false,12.085546,6.705473,10.728867,-0.12213969,0.51261586,3
24.144049,0.4242781,35.34978199162874,-80.68584244945247,0,0.8517679,5598.275,0.6807757,1,1,false,false,11.412619,6.884132,10.180993,-0.11347776,0.52806485,3
24.25149,0.42436337,35.34977865666155,-80.68584409964967,0,0.8522457,5582.0684,0.6640451,1,1,false,false,10.86764,6.9925003,9.740211,-0.10455848,0.54036015,3
24.356434,0.42444912,35.34977523147091,-80.68584585997193,0,0.85207623,5594.113,0.6477501,1,1,false,false,11.194804,6.625614,9.732269,-0.09552467,0.54221696,3
24.454945,0.4245354,35.349771896503725,-80.68584751016914,0,0.8527081,5675.184,0.6295629,1,1,false,false,11.143079,6.387116,9.6088295,-0.08651716,0.537663,3
24.553171,0.42462215,35.34976847131308,-80.6858491605342,0,0.8520916,5747.526,0.6145753,1,1,false,false,11.538879,6.546613,10.194832,-0.07755924,0.54057604,3
24.659132,0.4247095,35.34976495589897,-80.68585081073141,0,0.85272354,5783.039,0.60118794,1,1,false,false,10.805384,7.1283455,9.931519,-0.068442106,0.55111164,3
24.771193,0.42479736,35.34976153070833,-80.68585235097142,0,0.85135174,5727.163,0.593621,1,1,false,false,11.028382,7.3620844,10.074886,-0.059195876,0.55560833,3
24.881021,0.4248871,35.349758015844365,-80.68585389121144,0,0.8505349,5710.1143,0.5892551,1,1,false,false,11.195464,6.8793097,9.773325,-0.04998175,0.5464345,3
24.98094,0.42497748,35.34975450043026,-80.68585543145144,0,0.8502573,5774.4614,0.58809084,1,1,false,false,11.684335,6.400691,9.948072,-0.041062575,0.5251803,3
25.076986,0.42506835,35.34975098501615,-80.68585697169146,0,0.8485004,5848.939,0.5898375,1,1,false,false,11.852503,6.4944406,9.962662,-0.03243102,0.5137116,3
25.180046,0.4251597,35.349747379378584,-80.68585840197429,0,0.84802246,5888.592,0.59478515,1,1,false,false,12.169231,6.9382544,10.452751,-0.02390315,0.5142263,3
25.290838,0.42525154,35.34974377429116,-80.6858599422143,0,0.84595716,5835.863,0.60104215,1,1,false,false,12.488649,7.4476347,10.754203,-0.015258741,0.52250445,3
25.399687,0.42534396,35.3497401686536,-80.68586126237206,0,0.8452325,5809.612,0.6084635,1,1,false,false,12.349414,6.842071,10.39751,-0.006544897,0.5226746,3
25.49849,0.42543685,35.349736563566175,-80.68586269265488,0,0.84463143,5861.513,0.6157395,1,1,false,false,12.5778055,6.390711,10.498332,0.0021708424,0.52270013,3
25.59428,0.42553028,35.34973286770515,-80.68586401281264,0,0.8434291,5932.0474,0.623015,1,1,false,false,12.746369,6.2971344,10.584318,0.0108980695,0.52554816,3
25.688484,0.42562428,35.34972917239426,-80.68586533313827,0,0.84510934,5979.2583,0.6273798,1,1,false,false,12.806958,6.2915406,10.395274,0.019751638,0.53618574,3
25.784931,0.42571992,35.34972547653324,-80.68586665329603,0,0.844909,5959.749,0.6291262,1,1,false,false,13.176037,6.3227606,10.378949,0.028825851,0.5494288,3
25.877348,0.4258162,35.34972169099889,-80.68586786349661,0,0.8452479,5985.4404,0.6273798,1,1,false,false,12.834346,5.9989734,10.206485,0.038052704,0.54893184,3
25.966133,0.42591292,35.34971790546455,-80.68586907369718,0,0.8458184,6074.0303,0.62301505,1,1,false,false,13.0499325,5.994751,10.043096,0.047097616,0.5341881,3
26.062847,0.42601007,35.34971411938006,-80.68587028389776,0,0.8461573,6136.6416,0.61603045,1,1,false,false,12.459369,6.8153806,10.063993,0.055960823,0.52721953,3
26.175863,0.4261078,35.349710333845714,-80.68587138414114,0,0.84638846,6126.823,0.6043892,1,1,false,false,12.15376,7.7238865,10.455362,0.064763375,0.527704,3
26.297272,0.42620605,35.349706548311374,-80.68587248421665,0,0.846743,6010.1865,0.5933296,1,1,false,false,12.55066,7.918187,10.814301,0.07363508,0.53522325,3
26.41216,0.42630497,35.34970267255357,-80.68587358446003,0,0.8462807,5950.486,0.5824154,1,1,false,false,13.76823,7.0790753,11.309845,0.08257916,0.53463197,3
26.508005,0.42640442,35.349698796795764,-80.68587457457835,0,0.84742117,6007.769,0.5723734,1,1,false,false,14.462563,5.948027,11.583205,0.0913636,0.51829255,3
26.593872,0.42650482,35.3496948308145,-80.68587556469667,0,0.8472979,6095.733,0.56364167,1,1,false,false,13.525737,5.7534804,10.336129,0.09987513,0.5051096,3
26.683949,0.42660657,35.349690955056694,-80.68587655481498,0,0.8469436,6162.1074,0.5578198,1,1,false,false,12.776963,6.101692,9.933674,0.1082368,0.49956682,3
26.776836,0.42670876,35.34968698907543,-80.68587743497612,0,0.8476834,6151.6543,0.55403584,1,1,false,false,12.677441,6.1508656,9.991367,0.11658366,0.5032786,3
26.867582,0.42681143,35.34968302309416,-80.68587831513724,0,0.84742117,6175.836,0.55156153,1,1,false,false,12.911164,5.9801617,10.117036,0.12506177,0.5093487,3
26.955679,0.42691454,35.349679057112894,-80.6858790853412,0,0.8475139,6268.6807,0.55025196,1,1,false,false,13.013485,5.942257,10.403944,0.13354789,0.5046395,3
27.051462,0.4270182,35.34967509113163,-80.68587985537727,0,0.8472055,6328.671,0.54981476,1,1,false,false,13.041449,6.6340466,11.209336,0.14194097,0.5023853,3
27.163782,0.42712232,35.34967103492691,-80.6858806255812,0,0.84783745,6317.8047,0.5499603,1,1,false,false,12.469208,7.621851,10.811846,0.15038595,0.5078106,3
27.285404,0.42722714,35.349666978722176,-80.68588139561727,0,0.8478528,6211.6753,0.54996026,1,1,false,false,12.381318,7.8748517,10.416552,0.1589518,0.5161148,3
27.399233,0.42733303,35.34966292251745,-80.68588205569615,0,0.8495638,6166.541,0.5487962,1,1,false,false,12.11384,7.0132055,9.604963,0.1675583,0.50902754,3
27.496815,0.42744046,35.34965886686287,-80.68588271594291,0,0.85062736,6237.0664,0.5463218,1,1,false,false,12.129488,6.0121956,8.9186325,0.17577116,0.47358873,3
27.586336,0.4275484,35.34965472043468,-80.68588326589673,0,0.8531704,6321.0693,0.5429744,1,1,false,false,12.583807,5.9632535,9.719982,0.1832799,0.43886814,3
27.68029,0.42765677,35.349650574006496,-80.68588381601842,0,0.8556982,6368.8125,0.5406454,1,1,false,false,13.238522,6.4933887,11.430632,0.1905372,0.4447618,3
27.78281,0.42776567,35.34964642812845,-80.68588436614012,0,0.857779,6329.1284,0.5399179,1,1,false,false,13.310642,6.674151,11.909908,0.19814067,0.47311497,3
27.881472,0.4278751,35.34964228170026,-80.6858849162618,0,0.8610315,6318.986,0.53773427,1,1,false,false,13.44848,6.2929363,11.094601,0.2062559,0.4974243,3
27.970947,0.42798504,35.34963813527207,-80.68588535625844,0,0.8652393,6409.5728,0.53336823,1,1,false,false,12.831992,5.7026606,9.733955,0.21460493,0.500642,3
28.058321,0.42809555,35.34963389917057,-80.68588568629788,0,0.86809075,6506.5947,0.52536225,1,1,false,false,12.277916,5.794208,9.512016,0.22294903,0.50072986,3
28.152308,0.4282077,35.34962975274239,-80.6858860163373,0,0.8715434,6563.503,0.5112426,1,1,false,false,11.813374,6.4359837,9.935492,0.23144363,0.51475114,3
28.260363,0.42832088,35.349625516640884,-80.68588634654462,0,0.8755046,6520.375,0.49610358,1,1,false,false,11.986821,7.2602205,10.464582,0.24015975,0.5227259,3
28.37262,0.4284346,35.349621279989236,-80.68588667658406,0,0.87831,6475.77,0.4797993,1,1,false,false,13.019967,7.1237974,11.073777,0.24886914,0.5153409,3
28.47913,0.4285489,35.34961695366427,-80.68588689649845,0,0.8803139,6492.8804,0.46815276,1,1,false,false,13.34668,6.8480134,11.254427,0.25731474,0.49513474,3
28.5837,0.4286638,35.34961271701262,-80.6858871165807,0,0.883335,6527.24,0.46014518,1,1,false,false,13.251146,6.8752246,11.091957,0.26544657,0.4814608,3
28.691017,0.4287792,35.349608390687656,-80.68588722653789,0,0.8852614,6554.2627,0.45679685,1,1,false,false,12.932585,7.0053906,10.690633,0.27338913,0.4719647,3
28.799406,0.42889524,35.349604064362694,-80.68588733666294,0,0.88877594,6518.8716,0.4549039,1,1,false,false,12.958106,7.028886,10.695476,0.2812096,0.46628347,3
28.902496,0.4290123,35.349599738037725,-80.68588744662014,0,0.8930609,6517.314,0.4537388,1,1,false,false,13.187419,6.4825025,10.665512,0.2889137,0.45849165,3
28.997505,0.42913032,35.34959541116262,-80.68588744662014,0,0.8958199,6593.246,0.45126402,1,1,false,false,12.937815,6.2164392,10.22645,0.29646513,0.44816673,3
29.093601,0.42924887,35.349591084837655,-80.68588744662014,0,0.90024364,6658.1494,0.4461679,1,1,false,false,12.659787,6.377809,10.447411,0.30384147,0.44109607,3
29.197865,0.429368,35.34958666828923,-80.68588744662014,0,0.9035419,6688.8955,0.4391792,1,1,false,false,12.047616,7.0309424,10.33417,0.31119102,0.44242293,3
29.307894,0.4294877,35.34958234141412,-80.68588733666294,0,0.9073955,6649.3667,0.43117127,1,1,false,false,12.917166,7.003955,10.864624,0.31862774,0.45228037,3
29.412767,0.4296081,35.34957792486569,-80.6858871165807,0,0.911958,6642.1177,0.4211243,1,1,false,false,13.418854,6.5357356,11.599939,0.3263441,0.4678591,3
29.51125,0.42972907,35.34957350831727,-80.6858870066235,0,0.9162891,6710.903,0.41165927,1,1,false,false,12.235958,6.2607327,10.839561,0.33418545,0.46221718,3
29.611822,0.4298506,35.34956900154538,-80.68588678654126,0,0.9216066,6764.38,0.39782554,1,1,false,false,12.110891,6.640626,10.190543,0.34182405,0.4481687,3
29.718998,0.42997268,35.349564584996955,-80.68588645650182,0,0.9262154,6788.517,0.38268012,1,1,false,false,11.886272,7.0331206,10.052281,0.34922048,0.4347679,3
29.8306,0.43009543,35.349560168448534,-80.68588612646238,0,0.9317335,6794.989,0.36345658,1,1,false,false,12.150562,7.0660367,10.684113,0.35644186,0.42958447,3
29.943657,0.43021882,35.349555661676646,-80.68588579642294,0,0.9391781,6756.315,0.3423381,1,1,false,false,12.090728,7.412011,11.020773,0.36362997,0.425051,3
30.055477,0.43034288,35.34955115490476,-80.6858854663835,0,0.9468231,6793.171,0.31932408,1,1,false,false,12.914248,6.940464,11.994095,0.37053925,0.40007493,3
30.16156,0.43046758,35.34954664813287,-80.685885026219,0,0.95562446,6820.6387,0.29456055,1,1,false,false,11.747245,6.954373,11.776316,0.3770341,0.3802924,3
30.27476,0.430593,35.349542141360985,-80.6858844760973,0,0.9645025,6843.9556,0.26658952,1,1,false,false,11.455449,7.2344646,11.065996,0.38330883,0.36959487,3
30.388584,0.43071935,35.3495376345891,-80.68588403610067,0,0.9738896,6867.663,0.23599315,1,1,false,false,9.606156,7.2607656,9.695125,0.3893581,0.3481867,3
30.503263,0.43084645,35.34953303759375,-80.68588337602179,0,0.98236704,6890.6245,0.21005677,1,1,false,false,9.636512,7.2370086,9.559816,0.39494482,0.32036042,3
30.616756,0.4309743,35.349528440598405,-80.6858828259001,0,0.99287903,6911.379,0.18207732,1,1,false,false,8.362812,7.1864996,9.06965,0.40003794,0.29301047,3
30.732702,0.4311029,35.34952393382652,-80.68588216582121,0,1,6936.091,0.15715608,1,1,false,false,8.402111,7.428839,10.79813,0.40469754,0.26909938,3
30.759521,0.43123215,35.34951933683117,-80.68588150574234,0,1,6829.3584,0.1367509,0,1,false,false,7.881157,-4.243048,10.528615,0.4087668,0.22054623,3
30.712397,0.4313616,35.349514739835826,-80.68588084566346,0,1,6448.3613,0.12144634,2,1,false,false,7.6562157,2.0439622,10.220197,0.4118024,0.16989411,3
30.838238,0.43149155,35.349510143390624,-80.6858801854167,0,1,5875.616,0.11211728,2,1,false,false,3.7689729,9.435954,9.664142,0.41469008,0.19360551,3
30.994322,0.43162265,35.34950554639528,-80.68587941538064,0,1,5386.229,0.10628661,2,1,false,false,3.8845406,9.580159,9.098899,0.41817182,0.21742867,3
31.138685,0.4317547,35.349500949399925,-80.68587864517669,0,1,5564.232,0.103516996,2,1,false,false,5.5622287,7.6985765,9.269204,0.42186448,0.2148063,3
31.21493,0.43188757,35.34949626218112,-80.68587787514062,0,1,5715.4575,0.101184115,2,1,false,false,7.77876,3.4711123,10.950626,0.42503476,0.16338833,3
31.308683,0.432021,35.349491665185774,-80.68587710493668,0,1,5565.464,0.09987234,2,1,false,false,4.3387065,8.030136,10.954182,0.42729178,0.12562743,3
31.447308,0.4321553,35.349486978517106,-80.68587633490061,0,1,5466.424,0.100163855,2,1,false,false,4.4109955,8.347492,10.090137,0.42943996,0.13043326,3
31.566708,0.4322906,35.3494822912983,-80.68587545473947,0,1,5490.247,0.100018114,2,1,false,false,4.77212,6.6189337,8.873201,0.4316731,0.12797986,3
31.665932,0.43242675,35.349477604079496,-80.68587457457835,0,1,5546.259,0.099289075,2,1,false,false,4.3476744,6.0483656,9.058966,0.43372348,0.11132729,3
31.767761,0.43256366,35.34947291741083,-80.68587369441721,0,1,5577.7646,0.0984151,2,1,false,false,4.092052,6.5890765,10.560093,0.43550146,0.099956356,3
31.877068,0.4327013,35.349468139968565,-80.68587281425609,0,1,5571.3687,0.09899781,2,1,false,false,3.2381942,6.8745317,10.511643,0.4370968,0.091311716,3
31.990314,0.4328398,35.34946345274975,-80.68587193409495,0,1,5556.3726,0.10001809,2,1,false,false,2.9619942,6.9135857,11.015026,0.43856224,0.08725845,3
32.09963,0.4329791,35.349458675857626,-80.68587094397662,0,1,5561.5254,0.101330414,2,1,false,false,2.4155645,6.6223416,9.750145,0.4399816,0.08442094,3
32.20298,0.4331193,35.34945389841536,-80.68586995385832,0,1,5592.804,0.10278795,2,1,false,false,2.7384753,6.2411337,10.089515,0.44135898,0.08385766,3
32.30374,0.43326035,35.349449121523236,-80.68586907369718,0,1,5635.8525,0.104683034,2,1,false,false,1.5931791,6.2728796,10.561192,0.44277415,0.08468362,3
32.406414,0.43340215,35.34944434408097,-80.68586808357885,0,1,5661.1924,0.10716113,2,1,false,false,2.220097,6.4102015,10.547202,0.4441472,0.081985235,3
32.512733,0.43354473,35.349439567188846,-80.68586709346053,0,1,5669.485,0.10891046,2,1,false,false,1.3099856,6.6766934,10.696628,0.44555202,0.08413915,3
32.619987,0.43368813,35.34943470007326,-80.68586599321715,0,1,5675.1353,0.11065946,2,1,false,false,1.5215987,6.54666,9.586161,0.44696733,0.084705755,3
32.724926,0.43383232,35.34942992263099,-80.68586500309884,0,1,5693.895,0.11153401,2,1,false,false,1.859398,6.4949484,10.281343,0.4484591,0.09139547,3
32.829453,0.43397737,35.349425055515404,-80.68586401281264,0,1,5722.09,0.11124248,2,1,false,false,1.3500127,6.3700128,9.59657,0.45002788,0.0926116,3
32.93015,0.43412325,35.349420187849674,-80.68586291273714,0,1,5739.377,0.110513724,2,1,false,false,1.6530552,6.434683,10.493222,0.4515777,0.09426843,3
33.03833,0.4342699,35.34941532073409,-80.68586192261881,0,1,5758.423,0.10934767,2,1,false,false,1.3185927,6.561469,10.779691,0.4531821,0.095581196,3
33.14275,0.4344173,35.349410363395044,-80.68586082237543,0,1,5762.587,0.108327426,2,1,false,false,1.1646794,6.458402,9.895016,0.45479977,0.09456761,3
33.249058,0.4345655,35.349405495729314,-80.68585972213204,0,1,5778.086,0.10701565,2,1,false,false,1.5529001,6.526539,9.927498,0.45638767,0.09361446,3
33.351604,0.43471447,35.34940053839027,-80.68585862205653,0,1,5794.4487,0.105703324,2,1,false,false,1.4016029,6.215757,9.085948,0.45791128,0.09002359,3
33.45407,0.43486428,35.349395671274685,-80.68585752181315,0,1,5818.7534,0.10410033,2,1,false,false,1.9678432,6.521675,10.307884,0.45936558,0.088083506,3
33.557133,0.43501493,35.349390713935634,-80.68585642173764,0,1,5840.509,0.10307919,2,1,false,false,0.84354854,6.272312,9.18244,0.46075082,0.08098183,3
33.659653,0.43516627,35.349385756046445,-80.68585521153707,0,1,5848.5537,0.10278795,2,1,false,false,1.6866648,6.367499,9.949694,0.4619487,0.07562144,3
33.763065,0.43531835,35.3493807987074,-80.68585411129368,0,1,5863.435,0.10307921,2,1,false,false,1.1838672,6.3826194,10.368956,0.46312836,0.0753713,3
33.86429,0.43547115,35.3493757511449,-80.68585290109311,0,1,5892.3022,0.10351702,2,1,false,false,1.6404017,6.178559,10.06094,0.46436912,0.07680857,3
33.96444,0.43562475,35.349370793805846,-80.68585180084973,0,1,5925.703,0.10351701,2,1,false,false,1.374839,6.1843367,10.040123,0.4656819,0.07891815,3
34.064545,0.43577927,35.34936574624334,-80.68585059081703,0,1,5943.2715,0.103079185,2,1,false,false,1.4547979,6.10052,9.137816,0.46701947,0.07927133,3
34.167683,0.4359345,35.34936069868083,-80.68584938061646,0,1,5960.5674,0.102350704,2,1,false,false,1.4003522,6.50536,10.1876955,0.46841237,0.081093855,3
34.272915,0.43609044,35.34935565111833,-80.68584817041588,0,1,5975.0396,0.100747146,2,1,false,false,0.89287436,6.4140263,10.271813,0.46982142,0.07936067,3
34.377697,0.43624708,35.34935060355582,-80.68584696021531,0,1,5972.083,0.09899781,2,1,false,false,1.0277562,6.457154,10.758365,0.4711693,0.07742487,3
34.48239,0.43640447,35.34934555599332,-80.68584575001475,0,1,5973.6216,0.09754031,2,1,false,false,0.9744507,6.388336,9.957711,0.4724965,0.07706149,3
34.584423,0.4365627,35.34934050843081,-80.68584453981417,0,1,5990.3623,0.09535345,2,1,false,false,0.85983884,6.17232,10.371043,0.4737957,0.07638615,3
34.68339,0.4367216,35.34933537064484,-80.68584321948853,0,1,6015.603,0.093021125,2,1,false,false,0.8880625,6.0429726,10.412219,0.47507915,0.07684421,3
34.78202,0.43688112,35.34933023285887,-80.68584200928797,0,1,6037.611,0.09112604,2,1,false,false,0.42927718,6.052536,9.575858,0.47636396,0.075080276,3
34.880817,0.4370413,35.349325095072906,-80.6858406891302,0,1,6055.76,0.0893767,2,1,false,false,0.29809737,6.065453,8.187737,0.47754467,0.07047156,3
34.978313,0.43720216,35.34931995728694,-80.68583936897244,0,1,6070.4624,0.08719014,2,1,false,false,1.2382112,6.0177016,9.131774,0.47857472,0.06794291,3
35.07665,0.43736336,35.34931481950097,-80.68583815877187,0,1,6095.2495,0.08602329,2,1,false,false,0.5032356,6.03477,8.378867,0.4795638,0.06485621,3
35.174828,0.437525,35.349309681715,-80.68583683861411,0,1,6119.7856,0.0847115,2,1,false,false,0.50044215,6.0435247,9.377015,0.48043156,0.05919278,3
35.271507,0.43768725,35.349304454255716,-80.68583551828847,0,1,6137.1704,0.083836965,2,1,false,false,0.20401382,5.8530755,8.332861,0.4812292,0.056853518,3
35.36615,0.43785012,35.34929931646975,-80.68583419813072,0,1,6166.2476,0.08325396,2,1,false,false,0.41157615,5.7462687,8.43509,0.4820219,0.054769523,3
35.464153,0.43801355,35.34929408846032,-80.68583276784788,0,1,6218.2563,0.08252494,2,1,false,false,0.536806,6.072192,9.161272,0.48292282,0.05905981,3
35.560707,0.43817753,35.34928886045089,-80.68583144769013,0,1,6236.5557,0.081941634,2,1,false,false,0.28088582,5.89082,7.172617,0.48380756,0.05383506,3
35.6649,0.438342,35.34928363299161,-80.68583012753237,0,1,6235.907,0.081212595,2,1,false,false,0.34393334,6.699848,10.1109495,0.4846679,0.054169748,3
35.770683,0.43850714,35.34927840498218,-80.68582869724955,0,1,6234.1157,0.0807756,2,1,false,false,0.07964897,6.124093,7.372863,0.48545092,0.046543546,3
35.87448,0.43867287,35.34927317697275,-80.68582737709178,0,1,6238.808,0.08033778,2,1,false,false,-0.26416612,6.5621777,11.293704,0.4861786,0.049782313,3
35.974762,0.43883923,35.34926785929001,-80.68582594680896,0,1,6249.133,0.07975504,2,1,false,false,-0.18450463,5.665347,7.4393783,0.48688844,0.047333557,3
36.070618,0.43900606,35.349262541057115,-80.68582451652614,0,1,6275.3076,0.07917176,2,1,false,false,-0.22467089,6.3823814,11.580583,0.48770106,0.057890438,3
36.17059,0.43917346,35.34925731304769,-80.68582319636837,0,1,6309.4404,0.07844274,2,1,false,false,0.52751935,5.3477206,8.511176,0.48862708,0.058624145,3
36.265984,0.43934134,35.349251995364945,-80.68582176608555,0,1,6326.6514,0.07771423,2,1,false,false,-0.8420327,6.8486166,9.777695,0.48966065,0.06272184,3
36.37178,0.43950984,35.34924667713206,-80.6858203359706,0,1,6336.827,0.077130936,2,1,false,false,0.44317365,5.548013,9.711388,0.4906778,0.06281862,3
36.468018,0.4396789,35.34924126922585,-80.68581890568778,0,1,6340.331,0.07567342,2,1,false,false,-1.3335438,7.2713604,9.231097,0.49177936,0.06373667,3
36.574223,0.43984848,35.34923595099296,-80.68581747540496,0,1,6357.5293,0.07494438,2,1,false,false,0.55946016,5.387631,9.243905,0.49277434,0.06339572,3
36.670116,0.44001856,35.349230543086755,-80.68581593516494,0,1,6358.486,0.074215025,2,1,false,false,-0.68713164,6.7108884,9.020302,0.49377877,0.062273547,3
36.771145,0.44018924,35.34922522485387,-80.68581450488212,0,1,6378.9966,0.07436077,2,1,false,false,0.33341718,5.619391,9.081483,0.49470487,0.060453296,3
36.869476,0.44036043,35.34921981694766,-80.68581307476717,0,1,6401.016,0.07538132,2,1,false,false,0.25985408,6.2547693,10.331572,0.49562776,0.06031891,3
36.965275,0.44053218,35.34921440904145,-80.68581153452716,0,1,6416.054,0.07596463,2,1,false,false,-0.11585617,5.5695868,9.735672,0.496593,0.060529727,3
37.06539,0.4407044,35.349209000585105,-80.68580999428715,0,1,6442.431,0.07713094,2,1,false,false,0.4131689,6.176345,9.604469,0.4976055,0.060094632,3
37.159733,0.44087708,35.34920350245544,-80.68580856400432,0,1,6457.746,0.07771423,2,1,false,false,-0.20872176,5.6500735,8.706857,0.4985848,0.05989146,3
37.258682,0.44105026,35.34919809454923,-80.68580702376431,0,1,6476.0264,0.07785997,2,1,false,false,0.41404355,6.0281057,7.9541388,0.49954453,0.059437484,3
37.35557,0.44122404,35.34919259586942,-80.6858054835243,0,1,6488.7246,0.07785998,2,1,false,false,-0.026064396,5.9199977,8.823766,0.50038356,0.058373716,3
37.454216,0.44139835,35.34918709773975,-80.68580394328428,0,1,6493.425,0.07727642,2,1,false,false,-0.037650585,5.899876,9.2893305,0.5011521,0.057914924,3
37.5514,0.44157305,35.349181599610084,-80.68580240304428,0,1,6509.0454,0.07713094,2,1,false,false,-0.03025031,5.965164,10.602078,0.501982,0.059603114,3
37.648285,0.44174823,35.34917610148042,-80.68580086280426,0,1,6539.0015,0.07669369,2,1,false,false,0.22419357,5.6466722,9.772462,0.5029486,0.062321946,3
37.74062,0.44192398,35.34917060280061,-80.68579921243919,0,1,6568.677,0.075964645,2,1,false,false,0.7022021,5.7577443,10.272077,0.5040745,0.06482517,3
37.83658,0.4421002,35.349165104670945,-80.68579767219917,0,1,6599.0576,0.07538134,2,1,false,false,-0.23424792,5.681812,8.156754,0.50529915,0.06357046,3
37.934452,0.4422769,35.34915960654128,-80.68579602200198,0,1,6604.7095,0.07538134,2,1,false,false,-0.22549105,6.050944,9.085498,0.50643414,0.062445078,3
38.034885,0.44245407,35.34915401818815,-80.68579448176196,0,1,6587.6963,0.07538134,2,1,false,false,-0.36549067,6.072383,9.468371,0.5074466,0.06268717,3
38.134853,0.44263172,35.34914842983502,-80.68579283156477,0,1,6578.7847,0.07494436,2,1,false,false,0.15736699,5.992179,9.485366,0.5084329,0.067549616,3
38.227177,0.4428099,35.34914284148189,-80.68579118119969,0,1,6594.4507,0.074506536,2,1,false,false,0.14754963,5.165737,8.506451,0.5093219,0.06668212,3
38.316532,0.44298857,35.34913725312877,-80.68578964095967,0,1,6640.0938,0.07479863,2,1,false,false,-0.1939646,5.6075654,8.608729,0.5101395,0.061367363,3
38.40245,0.4431677,35.349131664225496,-80.68578799076248,0,1,6683.5977,0.07508985,2,1,false,false,0.30652857,5.081465,9.813838,0.5108511,0.057202037,3
38.497303,0.44334716,35.34912607587237,-80.68578623044021,0,1,6712.6724,0.07596464,2,1,false,false,-0.15599847,5.7775702,10.946295,0.511677,0.055242248,3
38.58867,0.44352713,35.34912039729578,-80.68578458024301,0,1,6717.9917,0.077714235,2,1,false,false,0.13426065,5.585919,9.889085,0.5126843,0.056662474,3
38.686268,0.44370762,35.34911480894265,-80.68578292987793,0,1,6734.8657,0.078296974,2,1,false,false,0.47727966,5.308582,9.848808,0.51391906,0.06102416,3
38.78172,0.44388857,35.34910913036607,-80.68578127968074,0,1,6758.164,0.07829696,2,1,false,false,0.033486605,6.0745926,9.8819,0.51540023,0.06697429,3
38.87824,0.44406998,35.34910345233962,-80.68577951935848,0,1,6751.346,0.07727642,2,1,false,false,0.3935995,5.620883,9.35728,0.5168592,0.071197666,3
38.977695,0.44425184,35.349097773763035,-80.6857777590362,0,1,6721.525,0.07596463,2,1,false,false,-0.5522368,6.0977497,10.787421,0.5181523,0.06942904,3
39.073456,0.44443423,35.34909209518644,-80.68577610883901,0,1,6708.387,0.074506536,2,1,false,false,-0.50037456,5.624861,10.26244,0.51923704,0.068195246,3
39.161613,0.44461706,35.34908641660986,-80.68577434851674,0,1,6725.988,0.07377805,2,1,false,false,-0.27227807,5.1136694,9.384495,0.5200457,0.06458572,3
39.24525,0.44480032,35.349080738033265,-80.68577258819448,0,1,6769.8613,0.073049024,2,1,false,false,-0.57706285,4.948456,10.066593,0.5207925,0.06307945,3
39.32694,0.44498402,35.34907496923322,-80.68577082804009,0,1,6821.0586,0.07246572,2,1,false,false,0.25772405,4.993685,9.5725565,0.5216126,0.06274154,3
39.40963,0.4451681,35.34906929065663,-80.68576906771783,0,1,6857.711,0.07202847,2,1,false,false,-0.09934974,4.8820543,8.690695,0.52251774,0.061098415,3
39.425125,0.44535252,35.34906352185658,-80.68576719743837,0,1,6826.4443,0.0707161,0,1,false,false,-0.10400677,-3.3843277,8.41055,0.52354115,0.06787547,3
39.39021,0.4455368,35.34905775360667,-80.6857654371161,0,1,6395.667,0.0695498,3,1,false,false,0.60613537,1.4879087,9.364393,0.5246958,0.07903555,3
39.520855,0.44572085,35.34905207503009,-80.68576367679384,0,1,5672.7974,0.06809171,3,1,false,false,-0.2723484,9.601147,9.921259,0.526075,0.07419596,3
39.683178,0.44590557,35.349046306230036,-80.68576180651439,0,1,5442.1484,0.06692541,3,1,false,false,0.43404174,9.460307,9.376233,0.527519,0.067451596,3
39.79389,0.44609103,35.34904053742999,-80.68576004619213,0,1,5647.9453,0.06634267,3,1,false,false,-0.3524289,4.189042,10.055783,0.5288221,0.0676886,3
39.839382,0.44627678,35.34903467895662,-80.68575817591268,0,1,5622.1445,0.06575939,3,1,false,false,-0.6559334,4.4482903,10.410694,0.5299802,0.064900056,3
39.93998,0.44646284,35.349028910156576,-80.68575630563322,0,1,5576.822,0.06619637,3,1,false,false,0.04839444,5.778191,10.512821,0.5310314,0.06314322,3
40.0235,0.44664925,35.349023141356525,-80.68575443535377,0,1,5584.6553,0.06677993,3,1,false,false,0.066257,4.6491733,10.51279,0.53208584,0.06255347,3
40.098446,0.44683602,35.349017282333016,-80.68575256507432,0,1,5621.611,0.06780021,3,1,false,false,-0.39836955,4.4425616,10.606068,0.5331324,0.06291505,3
40.175293,0.44702318,35.34901142385965,-80.68575069479486,0,1,5652.0405,0.06911284,3,1,false,false,0.04400921,4.621476,10.887878,0.53420436,0.06483342,3
40.255413,0.4472107,35.3490056550596,-80.68574882451541,0,1,5656.2993,0.07071612,3,1,false,false,-0.2694509,4.9528294,10.02757,0.5353508,0.064555034,3
40.337463,0.4473986,35.348999796586234,-80.6857468441109,0,1,5650.8823,0.07188216,3,1,false,false,-0.474725,4.8655877,9.055427,0.5364557,0.06508655,3
40.417675,0.44758686,35.348993937562724,-80.68574497383145,0,1,5662.4834,0.0724657,3,1,false,false,0.15494084,4.664998,8.900196,0.53754705,0.06700886,3
40.495724,0.4477755,35.348988078539215,-80.68574299342693,0,1,5687.2056,0.07275692,3,1,false,false,-0.13878942,4.6601715,10.224457,0.5386114,0.06666507,3
40.572086,0.44796452,35.34898222006585,-80.6857410131903,0,1,5696.6553,0.07363174,3,1,false,false,-0.12641764,4.651186,9.355065,0.5396116,0.06844172,3
40.653316,0.4481539,35.34897627081888,-80.68573914291083,0,1,5708.684,0.073923826,3,1,false,false,0.010313988,4.8039665,10.087582,0.54067886,0.07105779,3
40.733795,0.44834363,35.348970412345516,-80.68573716250633,0,1,5727.9355,0.07392381,3,1,false,false,-0.08423638,4.819113,10.496847,0.5418889,0.072412,3
40.814163,0.4485338,35.34896446309855,-80.68573518226968,0,1,5740.0146,0.07377808,3,1,false,false,-0.44323277,4.8116717,10.554608,0.5432493,0.074398234,3
40.895004,0.4487243,35.34895860462518,-80.68573309190798,0,1,5745.3237,0.0733405,3,1,false,false,-0.18594503,4.785863,9.511526,0.5446934,0.075200394,3
40.9768,0.44891518,35.348952655378206,-80.68573111167133,0,1,5752.491,0.07275695,3,1,false,false,0.25998044,4.8325553,10.190221,0.54613066,0.075556,3
41.057205,0.44910648,35.34894670668138,-80.68572913126683,0,1,5752.7095,0.07246573,3,1,false,false,-0.097178936,4.879205,11.680505,0.54749864,0.07548061,3
41.13752,0.44929814,35.34894075743441,-80.68572704090512,0,1,5756.4414,0.07261118,3,1,false,false,-0.24359441,4.7271543,11.393903,0.54884344,0.07642265,3
41.216587,0.44949013,35.34893480873758,-80.68572495054342,0,1,5769.105,0.07261118,3,1,false,false,0.34031367,4.63734,11.599403,0.5501996,0.07698232,3
41.293316,0.44968253,35.34892885949061,-80.68572297030677,0,1,5790.4785,0.07363176,3,1,false,false,0.17204165,4.5517054,10.070999,0.5516326,0.075683184,3
41.370007,0.4498753,35.34892291079379,-80.68572087994507,0,1,5807.118,0.07421503,3,1,false,false,-0.27662158,4.673279,10.32659,0.5530158,0.07255646,3
41.448826,0.4500684,35.3489168718735,-80.68571878958336,0,1,5810.764,0.07625615,3,1,false,false,0.19244027,4.678425,9.631395,0.55428475,0.07118233,3
41.52907,0.4502619,35.34891092262653,-80.68571669922166,0,1,5812.5366,0.07786,3,1,false,false,0.35859942,4.7229652,11.173983,0.5554714,0.07044159,3
41.606186,0.45045575,35.34890488370624,-80.68571449890277,0,1,5820.2495,0.07960932,3,1,false,false,0.8859923,4.6408753,10.626811,0.55663973,0.07393208,3
41.68259,0.45064998,35.348898935009416,-80.68571240854106,0,1,5845.622,0.08208739,3,1,false,false,-0.16575551,4.4833403,10.913752,0.55796653,0.0770728,3
41.759277,0.45084456,35.34889289553899,-80.68571020822218,0,1,5873.237,0.08500299,3,1,false,false,-0.17430401,4.4891577,10.232449,0.55948114,0.079988375,3
41.837914,0.4510395,35.3488868566187,-80.68570800790327,0,1,5879.9683,0.08835617,3,1,false,false,0.20847869,4.835346,10.796782,0.5611199,0.083172485,3
41.91801,0.45123476,35.34888081769841,-80.68570591754157,0,1,5872.9736,0.09200084,3,1,false,false,0.074312925,4.839739,9.785126,0.5627849,0.08514158,3
41.99758,0.45143044,35.34887477822798,-80.68570371722268,0,1,5872.3066,0.095790975,3,1,false,false,0.28059673,4.6011367,9.797919,0.56436664,0.085881345,3
42.07348,0.4516265,35.34886873930769,-80.68570151690379,0,1,5878.1084,0.1000181,3,1,false,false,1.7372973,4.4594626,11.550902,0.565776,0.08948258,3
42.148697,0.4518229,35.34886270038741,-80.68569920645983,0,1,5896.286,0.10410033,3,1,false,false,0.4025762,4.491415,11.688056,0.56724596,0.09315607,3
42.222828,0.45201963,35.34885666146712,-80.68569700614094,0,1,5916.366,0.10891045,3,1,false,false,0.34319353,4.413044,10.05278,0.5687939,0.09708626,3
42.297123,0.45221666,35.34885053177322,-80.68569469569698,0,1,5932.884,0.11226302,3,1,false,false,0.64268994,4.4199295,8.940466,0.57043153,0.10171993,3
42.374226,0.45241413,35.34884449285294,-80.68569249537809,0,1,5950.4434,0.114741124,3,1,false,false,1.6762025,4.618932,10.572312,0.5722212,0.110372886,3
42.450665,0.4526119,35.34883836370919,-80.68569018510202,0,1,5953.151,0.11619863,3,1,false,false,1.8307369,4.686318,11.022121,0.57414603,0.1168048,3
42.528934,0.45281002,35.3488323247889,-80.68568787465806,0,1,5954.964,0.11751069,3,1,false,false,1.012438,4.691722,10.873597,0.5761806,0.11777699,3
42.6059,0.45300847,35.34882619564515,-80.68568545425691,0,1,5970.6924,0.118530974,3,1,false,false,1.0656004,4.356297,10.385141,0.5783546,0.12035319,3
42.68133,0.45320737,35.34882006650141,-80.68568314398084,0,1,5989.7344,0.118093416,3,1,false,false,1.8464756,4.4553823,10.722448,0.580601,0.12255097,3
42.75783,0.45340654,35.34881393680752,-80.68568083353688,0,1,5995.3257,0.116490416,3,1,false,false,2.2311041,4.6938314,11.705097,0.58288854,0.12486287,3
42.835148,0.45360604,35.34880780766377,-80.68567841313573,0,1,5992.9463,0.11590714,3,1,false,false,1.4645951,4.617648,11.204032,0.58517045,0.123272635,3
42.910698,0.4538059,35.34880167852002,-80.68567599273459,0,1,5992.9033,0.115615934,3,1,false,false,1.3825064,4.436786,10.544369,0.5872564,0.119318366,3
42.98423,0.45400617,35.34879554937627,-80.68567357233344,0,1,6006.462,0.11561592,3,1,false,false,1.7278469,4.303512,10.175195,0.5891742,0.117123485,3
43.056458,0.45420673,35.34878942023252,-80.6856711519323,0,1,6028.3535,0.116344675,3,1,false,false,1.5393577,4.252944,10.501617,0.5910198,0.11773385,3
43.129707,0.4544076,35.34878329108877,-80.68566862157397,0,1,6044.608,0.11736522,3,1,false,false,1.7543762,4.4269,11.169182,0.59290975,0.12132636,3
43.205357,0.45460877,35.34877716194503,-80.68566609121564,0,1,6059.7754,0.11853097,3,1,false,false,2.3330655,4.5694733,12.173147,0.5950043,0.12753454,3
43.28162,0.45481035,35.348770942577815,-80.68566367081449,0,1,6074.012,0.11926,3,1,false,false,2.3363347,4.551297,12.228673,0.5974232,0.13508382,3
43.35849,0.4550123,35.34876481343407,-80.68566114045616,0,1,6083.146,0.12042606,3,1,false,false,2.1894073,4.4734263,10.8094845,0.6001477,0.13908398,3
43.436012,0.4552145,35.34875859406686,-80.68565849997276,0,1,6085.178,0.12115507,3,1,false,false,2.0246346,4.5378747,10.902465,0.60297567,0.13853967,3
43.51284,0.45541704,35.348752464923116,-80.68565596961443,0,1,6083.2534,0.122612335,3,1,false,false,2.0912046,4.5051513,11.984422,0.60565126,0.13225172,3
43.58585,0.45561996,35.3487462455559,-80.68565332913103,0,1,6081.458,0.12334137,3,1,false,false,2.2792532,4.3152485,11.912125,0.6080198,0.12502035,3
43.6557,0.45582324,35.348740115862014,-80.68565068864764,0,1,6090.974,0.12509042,3,1,false,false,2.3556461,4.1882644,9.993553,0.6099882,0.11970939,3
43.72614,0.45602676,35.34873389704495,-80.68564804833211,0,1,6110.259,0.1280058,3,1,false,false,2.1308568,4.1185822,11.114868,0.61170816,0.12560453,3
43.79828,0.4562306,35.348727677677736,-80.68564540784872,0,1,6131.5073,0.13208683,3,1,false,false,1.8235772,4.3026805,12.631355,0.61365145,0.13749348,3
43.87033,0.45643467,35.34872145831053,-80.6856427675332,0,1,6152.8486,0.13689667,3,1,false,false,2.0699964,4.2916145,11.223941,0.6160575,0.15065628,3
43.94248,0.4566389,35.34871523894332,-80.68564001709261,0,1,6176.7993,0.14185199,3,1,false,false,2.8388255,4.3385367,8.726875,0.6188882,0.16150117,3
44.018288,0.45684347,35.34870901957611,-80.68563726665204,0,1,6195.06,0.14447583,3,1,false,false,3.1062267,4.5356483,10.789867,0.6218877,0.16303307,3
44.097153,0.4570483,35.348702800208905,-80.68563451621145,0,1,6178.8696,0.14782816,3,1,false,false,3.7335353,4.7105293,12.14995,0.6248209,0.16087718,3
44.175964,0.4572534,35.3486965808417,-80.68563176577086,0,1,6156.036,0.15059745,3,1,false,false,4.376203,4.5840206,12.618272,0.6277498,0.1627815,3
44.250233,0.45745876,35.34869036147449,-80.68562890520522,0,1,6174.451,0.152638,3,1,false,false,4.7197375,4.092627,12.330684,0.6309074,0.1728708,3
44.317696,0.4576644,35.34868414210728,-80.68562615476463,0,1,6213.397,0.15496975,3,1,false,false,3.7287865,3.9769595,11.829269,0.6342802,0.17144327,3
44.38836,0.4578703,35.348677922740066,-80.68562318424179,0,1,6222.108,0.1561361,3,1,false,false,4.022317,4.4085436,13.222725,0.63741356,0.16532072,3
44.464333,0.45807645,35.34867170337286,-80.68562032384402,0,1,6207.3076,0.15671884,3,1,false,false,4.062631,4.559272,13.86279,0.64039266,0.1655942,3
44.536156,0.45828286,35.34866539378219,-80.68561735332119,0,1,6201.559,0.15759303,3,1,false,false,3.7689886,3.9852242,11.481327,0.64319456,0.16289482,3
44.603027,0.4584895,35.34865917441498,-80.68561449292342,0,1,6229.794,0.15832207,3,1,false,false,3.176617,3.884681,10.573372,0.6459032,0.1631261,3
44.668827,0.45869642,35.348652955047775,-80.6856114124434,0,1,6274.695,0.15934205,3,1,false,false,4.015135,3.950863,11.043072,0.64861506,0.16488202,3
44.73866,0.45890358,35.3486466454571,-80.68560844192055,0,1,6284.906,0.16065359,3,1,false,false,3.9478984,4.2182875,9.948342,0.6512517,0.16501734,3
44.813805,0.45911095,35.348640426089894,-80.68560547139772,0,1,6273.693,0.16182016,3,1,false,false,4.0517406,4.5560637,9.844619,0.6539194,0.17214447,3
44.88803,0.4593186,35.348634206722686,-80.6856023909177,0,1,6286.4976,0.16400589,3,1,false,false,3.1361983,4.4293294,10.398561,0.65680367,0.17785916,3
44.959747,0.45952654,35.348627897682164,-80.68559931043767,0,1,6313.684,0.16546313,3,1,false,false,3.4234705,4.192636,10.218038,0.65989596,0.18509279,3
45.02938,0.45973474,35.34862167831495,-80.68559612000045,0,1,6331.882,0.16721213,3,1,false,false,3.9759245,4.4532666,10.299864,0.6631955,0.19370294,3
45.1064,0.45994318,35.34861536872428,-80.68559303952043,0,1,6336.3887,0.16721217,3,1,false,false,5.564439,4.530375,12.765337,0.66664803,0.20139708,3
45.184605,0.4601519,35.348609149357074,-80.68558984891534,0,1,6320.545,0.1669207,3,1,false,false,5.0905457,4.6559596,12.872289,0.6703204,0.20418502,3
45.260284,0.46036097,35.34860283976641,-80.68558665847813,0,1,6313.527,0.1657549,3,1,false,false,5.16183,4.2296166,12.476326,0.67393196,0.19693525,3
45.33261,0.4605703,35.3485966203992,-80.68558346787304,0,1,6329.9795,0.16356838,3,1,false,false,6.142599,4.1187057,13.078222,0.6774831,0.19454423,3
45.401703,0.4607799,35.348590310808525,-80.68558016747865,0,1,6351.645,0.16123688,3,1,false,false,5.518035,3.9850657,13.329357,0.6809454,0.18631457,3
45.472443,0.46098977,35.34858409144132,-80.68557686691636,0,1,6354.4883,0.1594878,3,1,false,false,6.1695857,4.189721,13.840559,0.68417203,0.18273288,3
45.54713,0.4611999,35.34857778240079,-80.6855735663541,0,1,6359.701,0.15773883,3,1,false,false,5.7080183,4.3370724,15.178724,0.68754745,0.18880752,3
45.61999,0.46141043,35.34857156303358,-80.68557015583463,0,1,6373.104,0.15759307,3,1,false,false,6.1835628,4.210815,15.57464,0.69119596,0.19577523,3
45.690704,0.46162117,35.348565253442914,-80.68556674531516,0,1,6390.037,0.15759304,3,1,false,false,4.714819,4.1131954,12.927759,0.6951655,0.19733624,3
45.75987,0.4618322,35.348559034075706,-80.6855633347957,0,1,6401.882,0.15817633,3,1,false,false,4.348628,3.9417007,11.284168,0.6989616,0.18138367,3
45.827766,0.4620435,35.34855272448504,-80.68555992410836,0,1,6395.876,0.1587591,3,1,false,false,4.399727,4.0188065,10.69825,0.7020605,0.16185573,3
45.897633,0.46225506,35.348546414894365,-80.68555640363171,0,1,6389.3984,0.1612369,3,1,false,false,4.601021,4.035255,11.771817,0.70443904,0.15066296,3
45.96517,0.4624669,35.34854019552716,-80.68555288298718,0,1,6398.3003,0.16648372,3,1,false,false,3.7477014,3.8970969,10.254587,0.7064898,0.1520948,3
46.02989,0.46267903,35.34853388648663,-80.68554936251053,0,1,6439.518,0.17362472,3,1,false,false,3.763138,3.849414,10.406714,0.7088255,0.17244989,3
46.09476,0.46289137,35.34852766711942,-80.6855457319088,0,1,6489.9165,0.18120278,3,1,false,false,4.0356035,3.8879814,9.590576,0.71186197,0.1948049,3
46.166264,0.463104,35.34852135752875,-80.68554210130709,0,1,6505.6597,0.18980104,3,1,false,false,4.9894037,4.4711947,11.794626,0.7153906,0.2122588,3
46.24651,0.46331692,35.348515138161545,-80.68553847070538,0,1,6489.585,0.19490156,3,1,false,false,6.051347,4.8988376,14.57703,0.719579,0.23684566,3
46.325565,0.4635302,35.34850882857088,-80.68553484010366,0,1,6473.719,0.19752425,3,1,false,false,7.1664453,4.53877,15.426064,0.7244131,0.25249118,3
46.397488,0.46374384,35.34850260920366,-80.68553109954476,0,1,6475.016,0.1956301,3,1,false,false,6.6410823,4.107038,13.641291,0.7295155,0.25443888,3
46.464436,0.4639578,35.348496299613,-80.68552735898585,0,1,6493.8667,0.19082104,3,1,false,false,5.942613,3.8069475,14.174141,0.7343525,0.23416197,3
46.529808,0.46417198,35.34849008024579,-80.68552361842694,0,1,6496.4326,0.18178603,3,1,false,false,7.078985,3.954511,15.759287,0.7383918,0.2095608,3
46.598343,0.46438652,35.34848377120526,-80.68551976774297,0,1,6490.929,0.17391592,3,1,false,false,6.8843327,3.981632,14.925309,0.7418772,0.19663265,3
46.66483,0.4646013,35.34847755183805,-80.685515917059,0,1,6500.6753,0.16546316,3,1,false,false,5.9821186,3.826459,12.928055,0.7450662,0.19121806,3
46.72837,0.46481648,35.348471242247385,-80.68551206654291,0,1,6530.006,0.15992537,3,1,false,false,4.964789,3.7429392,11.597115,0.74815965,0.18972123,3
46.793026,0.46503195,35.34846502288018,-80.68550810590176,0,1,6556.0063,0.1558443,3,1,false,false,4.3323145,3.901843,11.211431,0.75118625,0.18882905,3
46.86076,0.4652476,35.34845880351297,-80.68550414526061,0,1,6560.475,0.15584429,3,1,false,false,4.356982,4.1522694,11.056044,0.7542093,0.19323291,3
46.9321,0.4654636,35.348452584145754,-80.68550018461944,0,1,6570.6816,0.15846758,3,1,false,false,4.8226686,4.2073946,12.16628,0.7575489,0.20670444,3
47.002983,0.46567997,35.34844627455509,-80.6854961140211,0,1,6596.8013,0.16225716,3,1,false,false,5.268248,4.042923,13.082167,0.7615842,0.2257041,3
47.071815,0.4658966,35.34844005518788,-80.68549215337994,0,1,6610.209,0.16706643,3,1,false,false,4.8831263,3.9336483,10.760431,0.76612973,0.22983181,3
47.143906,0.46611357,35.34843383582067,-80.68548808261373,0,1,6601.599,0.1705642,3,1,false,false,5.995185,4.196693,11.2997265,0.7705021,0.21590824,3
47.214275,0.4663308,35.34842761645346,-80.6854839020582,0,1,6583.0874,0.17333351,3,1,false,false,6.453475,3.993227,13.1584215,0.7743226,0.19553424,3
47.281525,0.4665482,35.348421397086256,-80.68547983129197,0,1,6575.12,0.17566499,3,1,false,false,6.650955,3.8487535,14.10165,0.7774047,0.1788165,3
47.345943,0.46676594,35.34841508749558,-80.68547565073644,0,1,6598.6436,0.1782883,3,1,false,false,6.4850917,3.619411,14.656843,0.780328,0.18881507,3
47.40975,0.46698394,35.34840886867852,-80.68547136005584,0,1,6640.925,0.18120277,3,1,false,false,7.1412134,3.8190725,15.960613,0.78371465,0.21199942,3
47.4768,0.4672022,35.34840264931131,-80.68546717933243,0,1,6658.7847,0.1852833,3,1,false,false,6.4006433,4.0093884,15.799071,0.78791,0.23795949,3
47.549046,0.46742067,35.34839651961742,-80.68546288865184,0,1,6654.484,0.18819778,3,1,false,false,7.1361165,4.19451,16.008617,0.79283917,0.2572482,3
47.619778,0.46763948,35.34839030025021,-80.68545848801405,0,1,6652.0913,0.18936409,3,1,false,false,7.3039503,3.9252942,15.494375,0.7982797,0.26454198,3
47.685497,0.46785858,35.348384081433146,-80.6854540872084,0,1,6654.6973,0.1887808,3,1,false,false,7.502964,3.6982377,15.1321335,0.8036519,0.25287575,3
47.747334,0.46807793,35.34837786206594,-80.6854496865706,0,1,6659.8037,0.1864496,3,1,false,false,6.7377243,3.5197804,13.799492,0.808519,0.22648232,3
47.806763,0.46829748,35.348371732372044,-80.68544528576496,0,1,6664.249,0.18397176,3,1,false,false,6.895388,3.5863838,13.108041,0.8122546,0.18914375,3
47.86806,0.4685173,35.348365513004836,-80.68544077516998,0,1,6665.768,0.18382606,3,1,false,false,6.018427,3.7176578,13.625626,0.81505543,0.17734331,3
47.930817,0.4687374,35.34835938386109,-80.68543626440713,0,1,6678.8843,0.18703201,3,1,false,false,6.153015,3.684672,14.65366,0.81771445,0.19114204,3
47.9924,0.46895772,35.34835325471734,-80.6854316436871,0,1,6708.3286,0.19227862,3,1,false,false,6.6260023,3.6205113,13.342993,0.8210182,0.2269906,3
48.05599,0.46917826,35.34834703535013,-80.68542702296706,0,1,6752.0664,0.20014755,3,1,false,false,6.114945,3.7288153,13.016632,0.82552713,0.2660826,3
48.121174,0.4693991,35.34834090620638,-80.68542240207914,0,1,6766.5786,0.20539378,3,1,false,false,5.9733877,3.9316034,12.70969,0.8308455,0.27961245,3
48.18964,0.4696202,35.34833477706263,-80.6854177813591,0,1,6741.2197,0.209765,3,1,false,false,7.4052725,4.023779,11.188065,0.8360424,0.26229316,3
48.258083,0.46984157,35.34832864791888,-80.68541305068189,0,1,6718.659,0.21093103,3,1,false,false,8.950298,3.9168794,14.0937,0.8406106,0.24555868,3
48.3195,0.47006324,35.348322518775134,-80.68540831983678,0,1,6722.6807,0.21297102,3,1,false,false,8.310476,3.4838772,12.647795,0.84463227,0.2297516,3
48.37572,0.47028515,35.34831638963139,-80.68540358915956,0,1,6751.5415,0.21646796,3,1,false,false,7.3720803,3.1186388,10.00399,0.8483352,0.22572999,3
48.435223,0.4705073,35.348310260487644,-80.68539874835727,0,1,6786.9478,0.2189452,3,1,false,false,9.913648,3.5826268,14.702841,0.85227793,0.2541493,3
48.498947,0.4707297,35.34830422101721,-80.68539390755498,0,1,6790.3145,0.22200513,3,1,false,false,8.99007,3.6958776,14.947407,0.8569596,0.28162137,3
48.564156,0.4709524,35.34829809187346,-80.6853889567955,0,1,6778.9526,0.2236081,3,1,false,false,7.7282896,3.5720072,13.283231,0.86222124,0.29367748,3
48.628403,0.47117537,35.34829205295318,-80.68538400603603,0,1,6796.8457,0.22185934,3,1,false,false,9.253847,3.7525864,13.380376,0.867801,0.299315,3
48.68936,0.47139865,35.34828601403289,-80.68537905527656,0,1,6811.325,0.2158852,3,1,false,false,9.811825,3.4970393,14.912512,0.8732762,0.28593963,3
48.75202,0.47162214,35.34827997456246,-80.68537399439201,0,1,6796.5747,0.20728801,3,1,false,false,9.495934,3.760977,16.221493,0.87838405,0.2708491,3
48.81332,0.47184595,35.34827393564217,-80.68536893367535,0,1,6796.8354,0.19635856,3,1,false,false,8.662722,3.6278453,16.596869,0.8832657,0.25837514,3
48.871952,0.47207,35.348267896721886,-80.68536376283362,0,1,6825.018,0.18513751,3,1,false,false,9.166374,3.3513186,15.626205,0.88801473,0.25162148,3
48.928043,0.47229436,35.34826185725145,-80.68535859199189,0,1,6841.197,0.17595679,3,1,false,false,8.409447,3.3955839,14.614354,0.892565,0.23655507,3
48.98915,0.47251892,35.34825590855463,-80.68535342115015,0,1,6838.721,0.16692069,3,1,false,false,7.2605906,3.717149,14.634808,0.8967094,0.21675858,3
49.049583,0.47274378,35.34824986963434,-80.68534814018336,0,1,6834.1333,0.16138263,3,1,false,false,6.633445,3.5334253,13.527525,0.90045226,0.20092335,3
49.107445,0.47296894,35.34824392038737,-80.68534285938445,0,1,6849.365,0.15846759,3,1,false,false,6.47626,3.2549956,12.575267,0.9037845,0.18669492,3
49.163097,0.47319427,35.348237971690544,-80.68533757858553,0,1,6874.325,0.15992534,3,1,false,false,5.296426,3.2912023,12.31616,0.90689325,0.18648753,3
49.222282,0.47341993,35.34823202244357,-80.68533229778662,0,1,6892.2817,0.16604617,3,1,false,false,5.0105715,3.529115,13.100838,0.91015553,0.19907033,3
49.284164,0.47364584,35.348226073746744,-80.68532690686264,0,1,6902.285,0.17304145,3,1,false,false,6.612658,3.613315,13.931501,0.9139881,0.22131948,3
49.347393,0.47387204,35.34822012504992,-80.68532151593865,0,1,6910.5825,0.18120278,3,1,false,false,6.038554,3.7115047,13.051012,0.91845524,0.23771611,3
49.41051,0.4740985,35.348214175802944,-80.6853160150575,0,1,6909.4937,0.18615752,3,1,false,false,6.080552,3.7171214,13.936974,0.92319715,0.23909529,3
49.470097,0.47432524,35.34820822710612,-80.68531051417632,0,1,6899.7188,0.18878081,3,1,false,false,7.8716164,3.4831896,14.403959,0.9276497,0.22718994,3
49.528435,0.47455224,35.34820236808261,-80.68530501329515,0,1,6897.6587,0.1884896,3,1,false,false,7.5687656,3.429994,14.340887,0.9316373,0.21839574,3
49.5838,0.47477955,35.348196419385786,-80.68529951241399,0,1,6911.591,0.1863033,3,1,false,false,6.9770627,3.2422285,14.098032,0.935361,0.2160385,3
49.63927,0.4750071,35.348190560362276,-80.68529390157563,0,1,6935.1274,0.18440874,3,1,false,false,7.2312994,3.1646585,14.180022,0.9391255,0.22255237,3
49.696293,0.4752349,35.348184701338766,-80.68528829073728,0,1,6949.6973,0.18280606,3,1,false,false,7.7008624,3.4499023,15.067449,0.9431244,0.23535953,3
49.75277,0.47546294,35.3481788428654,-80.68528267973105,0,1,6949.9194,0.18164036,3,1,false,false,6.892131,3.4544618,13.456161,0.94736916,0.24086757,3
49.811264,0.4756913,35.34817298384189,-80.68527695893549,0,1,6952.508,0.18149431,3,1,false,false,6.887184,3.328352,13.27693,0.951697,0.23857726,3
49.866985,0.4759199,35.348167125368526,-80.68527123797207,0,1,6954.864,0.18164028,3,1,false,false,8.061054,3.3315496,13.129818,0.9559261,0.23410065,3
49.91874,0.47614875,35.348161356568475,-80.68526540705146,0,1,6957.7344,0.18382604,3,1,false,false,8.863706,3.005317,13.842745,0.9601595,0.23801836,3
49.968327,0.47637784,35.348155497544965,-80.68525968608805,0,1,6960.748,0.18761502,3,1,false,false,9.04414,2.65516,13.878391,0.9645883,0.2380053,3
49.952354,0.4766071,35.34814972929506,-80.68525385516743,0,1,6829.2344,0.192861,0,1,false,false,8.442693,-4.3348727,15.135111,0.9689856,0.24315538,3
49.915688,0.47683614,35.34814396049501,-80.6852479142057,0,1,6386.4473,0.19912757,4,1,false,false,6.984209,0.8877444,12.752354,0.9735588,0.245812,3
50.052517,0.47706538,35.34813828191842,-80.68524208328509,0,1,5652.546,0.20364502,4,1,false,false,7.12296,9.831184,12.881194,0.97818923,0.26473165,3
50.17605,0.47729537,35.34813251311837,-80.68523614232336,0,1,5484.148,0.20481056,4,1,false,false,9.001092,4.7849154,13.019683,0.98303473,0.2730326,3
50.149273,0.4775256,35.34812674431833,-80.68523009132049,0,1,5797.4077,0.20306173,4,1,false,false,8.106786,-2.531724,12.479345,0.9873207,0.252059,3
50.169228,0.4777557,35.348121065741736,-80.6852241504427,0,1,6033.154,0.2008763,4,1,false,false,7.597966,2.549625,13.381468,0.9911602,0.25376385,3
50.243668,0.477986,35.34811538716515,-80.68521809943984,0,1,5831.508,0.19869058,4,1,false,false,9.175467,5.722122,15.34207,0.9956033,0.284747,3
50.335976,0.47821668,35.348109709138704,-80.6852119384798,0,1,5706.288,0.1963585,4,1,false,false,10.610172,4.3352947,14.753873,1.0011876,0.31850585,3
50.38441,0.47844765,35.34810403056212,-80.68520588747693,0,1,5817.4014,0.19490156,4,1,false,false,10.456836,1.6054285,13.475174,1.0073135,0.31658116,3
50.41691,0.4786788,35.348098442208986,-80.68519972651688,0,1,5875.145,0.19213282,4,1,false,false,11.566826,2.6597059,15.56228,1.0130659,0.2860683,3
50.474594,0.47891006,35.3480927636324,-80.6851934555157,0,1,5830.0386,0.18674079,4,1,false,false,11.372803,3.6122894,15.457088,1.0180558,0.2530332,3
50.531998,0.4791415,35.348087175279275,-80.68518718451453,0,1,5791.8535,0.18222308,4,1,false,false,10.46789,3.0851755,13.432518,1.0222275,0.22031678,3
50.579605,0.47937325,35.34808167659946,-80.68518091351336,0,1,5832.757,0.17872526,4,1,false,false,9.555765,2.5186732,14.993081,1.0258793,0.2101589,3
50.624836,0.47960514,35.34807608824634,-80.68517453247105,0,1,5872.113,0.17872526,4,1,false,false,7.6455564,2.7052517,13.514023,1.0295572,0.2144427,3
50.67826,0.47983718,35.34807049989321,-80.68516826146988,0,1,5859.292,0.18105733,4,1,false,false,8.129615,3.207104,11.973331,1.0333544,0.22292213,3
50.73766,0.4800695,35.348065001763544,-80.68516177038646,0,1,5854.4893,0.18397179,4,1,false,false,8.038121,3.2463822,13.986622,1.0374794,0.23684387,3
50.78957,0.48030204,35.34805950363388,-80.68515538942809,0,1,5866.57,0.18863535,4,1,false,false,8.087369,2.8385322,14.898014,1.0418204,0.24271196,3
50.840046,0.4805348,35.348054004954065,-80.68514889834466,0,1,5880.178,0.19344434,4,1,false,false,8.154753,3.107651,14.78783,1.0463486,0.254503,3
50.894318,0.48076773,35.3480485068244,-80.68514240734518,0,1,5895.1255,0.19796179,4,1,false,false,9.196053,3.0964775,14.948569,1.0512722,0.26626077,3
50.948,0.48100093,35.34804309891819,-80.68513580622063,0,1,5883.3467,0.20087631,4,1,false,false,9.087793,3.0641327,14.756981,1.056331,0.2647909,3
51.000755,0.48123434,35.348037690461844,-80.68512931522113,0,1,5876.0415,0.20189628,4,1,false,false,9.103656,2.8931918,13.885277,1.0611107,0.250222,3
51.049026,0.48146793,35.34803219233218,-80.6851226041394,0,1,5888.3657,0.20087636,4,1,false,false,9.549528,2.7307491,14.942864,1.0654007,0.23909806,3
51.097416,0.48170176,35.34802687464943,-80.68511600309878,0,1,5901.988,0.19912753,4,1,false,false,9.039982,2.7875803,13.061262,1.0694443,0.23553275,3
51.147343,0.4819358,35.34802146619308,-80.68510929201705,0,1,5906.2964,0.19694182,4,1,false,false,8.070793,2.9529886,12.715431,1.0733846,0.23601028,3
51.198692,0.48217008,35.34801605828687,-80.68510258093531,0,1,5914.4375,0.19563006,4,1,false,false,7.740433,3.0322065,11.85331,1.0773176,0.23772229,3
51.250534,0.48240456,35.34801074005399,-80.68509575981244,0,1,5922.134,0.19460976,4,1,false,false,8.094084,3.0428708,12.474192,1.0812514,0.24106869,3
51.304646,0.48263925,35.34800542237124,-80.68508904873069,0,1,5929.2603,0.19519308,4,1,false,false,8.505723,3.064145,13.342072,1.0854038,0.25129282,3
51.358547,0.48287427,35.34800010413835,-80.68508222769177,0,1,5941.672,0.1963585,4,1,false,false,8.664506,2.9296055,13.436235,1.0900893,0.26888078,3
51.412506,0.48310944,35.34799478645561,-80.68507529652777,0,1,5953.9614,0.1983988,4,1,false,false,9.700795,3.177917,14.616327,1.0953087,0.28419328,3
51.4675,0.48334488,35.34798955844618,-80.68506847548885,0,1,5949.989,0.19854426,4,1,false,false,10.030939,3.059718,15.9310055,1.1009172,0.28944826,3
51.51967,0.48358062,35.34798433043675,-80.68506154432485,0,1,5938.4487,0.19679609,4,1,false,false,10.874232,2.808742,15.791798,1.1064024,0.27475396,3
51.56795,0.48381653,35.347979102427324,-80.68505450320367,0,1,5941.869,0.19388105,4,1,false,false,10.355112,2.6092649,14.802494,1.1112658,0.24533847,3
51.6136,0.4840527,35.347973874968034,-80.6850474620825,0,1,5953.0845,0.18805204,4,1,false,false,9.416339,2.6860242,14.45675,1.1152184,0.21359628,3
51.662136,0.48428908,35.34796873718207,-80.68504042096131,0,1,5956.322,0.18280607,4,1,false,false,8.929971,2.8858876,14.91814,1.1186035,0.2072656,3
51.71311,0.48452568,35.347963509172644,-80.68503337984014,0,1,5964.179,0.179454,4,1,false,false,8.53167,2.9094558,13.96365,1.1221131,0.22111143,3
51.763237,0.48476258,35.347958371386675,-80.68502622867783,0,1,5981.943,0.17989157,4,1,false,false,7.3751054,2.8296163,12.005981,1.1260403,0.23331334,3
51.815685,0.4849997,35.347953323824164,-80.68501907759945,0,1,5998.009,0.18149427,4,1,false,false,8.035986,2.9733508,14.138577,1.1303627,0.24563989,3
51.869564,0.48523706,35.347948186038195,-80.68501192643714,0,1,5994.7485,0.18499179,4,1,false,false,8.588827,3.1635792,14.261324,1.1349748,0.25387082,3
51.923424,0.4854747,35.34794313847569,-80.68500466523372,0,1,5991.3477,0.18790653,4,1,false,false,8.906559,2.9876204,13.822745,1.1398357,0.26030773,3
51.974434,0.48571265,35.34793809091318,-80.68499740411421,0,1,6003.692,0.1898011,4,1,false,false,9.415443,2.7336636,14.692064,1.1448617,0.25961417,3
52.023907,0.4859508,35.34793304335068,-80.68499014291079,0,1,6008.6035,0.18965533,4,1,false,false,9.00836,2.7703154,15.271795,1.1497558,0.253911,3
52.072315,0.4861892,35.34792799578817,-80.68498288179129,0,1,6001.264,0.18761505,4,1,false,false,9.180828,2.8085632,15.473362,1.1542367,0.23624799,3
52.12049,0.48642787,35.347923038449125,-80.68497551054674,0,1,6004.3345,0.18470056,4,1,false,false,9.569157,2.6473956,13.791561,1.1582456,0.22290136,3
52.16815,0.4866668,35.347917990886614,-80.68496813938611,0,1,6020.0254,0.18207727,4,1,false,false,9.616442,2.642785,14.93824,1.1619713,0.2203442,3
52.216587,0.4869059,35.34791312377103,-80.68496065818437,0,1,6029.6724,0.1812028,4,1,false,false,8.194733,3.0248904,14.705432,1.1657543,0.22974499,3
52.266876,0.4871454,35.34790816588184,-80.68495317698262,0,1,6041.6636,0.18266055,4,1,false,false,8.602237,2.7677815,13.25318,1.1698996,0.24015912,3
52.31823,0.48738512,35.347903208542796,-80.68494569578087,0,1,6047.3745,0.18513751,4,1,false,false,8.002017,2.9059849,12.428238,1.1743221,0.24649037,3
52.37031,0.4876251,35.34789834142721,-80.68493821457912,0,1,6049.288,0.18878078,4,1,false,false,8.436848,2.9612007,13.226141,1.1788223,0.25000805,3
52.421257,0.4878653,35.34789347376148,-80.68493062342019,0,1,6047.781,0.19213285,4,1,false,false,9.413531,2.902147,15.120741,1.1833297,0.2537135,3
52.473045,0.48810592,35.347888696869354,-80.68492303217732,0,1,6057.5015,0.19694185,4,1,false,false,9.258433,2.7607691,14.971115,1.1881199,0.26258028,3
52.52104,0.48834673,35.34788382975377,-80.68491544093445,0,1,6070.6504,0.20218752,4,1,false,false,8.858597,2.740015,13.4087105,1.1930898,0.2633339,3
52.56933,0.48858777,35.347879052311505,-80.68490773973438,0,1,6071.3057,0.2055393,4,1,false,false,9.80599,2.72596,13.678898,1.1978295,0.253207,3
52.618607,0.48882917,35.347874274869234,-80.68490014849151,0,1,6062.549,0.20801622,4,1,false,false,10.227826,2.8191898,15.694281,1.2021335,0.24491401,3
52.666927,0.48907083,35.34786949797711,-80.68489233725033,0,1,6066.252,0.21034797,4,1,false,false,9.923113,2.7020516,13.784449,1.2062836,0.24801487,3
52.71428,0.4893127,35.3478648107583,-80.68488463605027,0,1,6090.5977,0.21355376,4,1,false,false,10.096928,2.6714761,14.218652,1.210621,0.26021662,3
52.76364,0.48955488,35.347860124089635,-80.68487682480908,0,1,6106.518,0.21530217,4,1,false,false,9.857148,2.8035295,14.087373,1.2154328,0.27824238,3
52.814445,0.4897974,35.34785543687083,-80.68486901348395,0,1,6097.411,0.21763393,4,1,false,false,10.3355665,2.8796,13.6837635,1.2205449,0.28863698,3
52.865448,0.4900402,35.347850839875484,-80.68486120224277,0,1,6095.473,0.21792516,4,1,false,false,9.73246,2.8654587,13.506964,1.2256968,0.28487328,3
52.912365,0.49028325,35.34784615265668,-80.6848532810444,0,1,6107.1377,0.21777971,4,1,false,false,10.843538,2.5896578,14.49258,1.2306776,0.2817672,3
52.960674,0.49052638,35.34784155621147,-80.68484535976208,0,1,6116.755,0.21603093,4,1,false,false,11.68794,2.7158575,14.942703,1.235589,0.2803776,3
53.009796,0.49076974,35.34783704943959,-80.68483732843865,0,1,6119.2705,0.21428216,4,1,false,false,10.061329,2.8728406,13.584906,1.2405533,0.2797149,3
53.059113,0.49101332,35.34783245244424,-80.68482940715633,0,1,6125.657,0.21253376,4,1,false,false,11.753616,2.7424185,14.17971,1.245484,0.27721053,3
53.107327,0.4912571,35.347828035895816,-80.68482137591683,0,1,6129.237,0.21136802,4,1,false,false,11.063186,2.6640522,14.199811,1.2503611,0.273356,3
53.156227,0.491501,35.34782352912393,-80.68481323455227,0,1,6131.9175,0.2096192,4,1,false,false,10.848886,2.7402208,14.430575,1.2550985,0.27142268,3
53.20432,0.49174508,35.34781902235204,-80.68480520331276,0,1,6141.585,0.20801626,4,1,false,false,10.1733675,2.7392564,13.480786,1.2598162,0.2663272,3
53.253136,0.49198943,35.347814605253475,-80.68479706203213,0,1,6151.2476,0.20714255,4,1,false,false,11.745472,2.7804265,14.875795,1.2645305,0.27312526,3
53.304283,0.4922339,35.347810278928506,-80.68478892066757,0,1,6152.3237,0.20597625,4,1,false,false,11.031389,2.819713,15.852521,1.2695194,0.27926707,3
53.35345,0.49247858,35.347805862380085,-80.68478066934581,0,1,6156.2266,0.20568506,4,1,false,false,10.385363,2.6947205,14.503092,1.2747014,0.2822715,3
53.401676,0.4927235,35.347801536055115,-80.68477241802407,0,1,6168.4194,0.20481054,4,1,false,false,11.304065,2.6642768,15.1832695,1.27989,0.27732006,3
53.44964,0.4929686,35.34779720918001,-80.68476416670231,0,1,6166.6367,0.20364502,4,1,false,false,10.988257,2.769568,15.502318,1.2848691,0.26970765,3
53.49853,0.49321386,35.347792973078505,-80.68475591538056,0,1,6164.245,0.200293,4,1,false,false,11.114421,2.647898,15.468221,1.2896218,0.26170152,3
53.545696,0.4934594,35.34778873642686,-80.68474755410162,0,1,6174.087,0.19679604,4,1,false,false,9.977769,2.572715,13.800213,1.2941986,0.2526006,3
53.591362,0.4937051,35.34778450032535,-80.68473919273875,0,1,6187.9873,0.19227861,4,1,false,false,10.018494,2.6121387,13.206396,1.2985353,0.24440636,3
53.640503,0.49395102,35.347780353897164,-80.68473072133473,0,1,6189.098,0.1887808,4,1,false,false,9.64072,2.8289375,14.566713,1.3026656,0.23963727,3
53.690407,0.49419716,35.34777620801912,-80.68472236005579,0,1,6189.282,0.18688627,4,1,false,false,9.390275,2.7046323,13.8628645,1.3068467,0.24294765,3
53.73977,0.49444354,35.34777206159094,-80.68471388865179,0,1,6203.1562,0.18674082,4,1,false,false,8.341933,2.723321,13.412586,1.3112152,0.24832602,3
53.78913,0.49469015,35.34776791516275,-80.68470541733173,0,1,6217.5576,0.18732384,4,1,false,false,9.100098,2.7764149,14.597253,1.3158668,0.25811502,3
53.838783,0.494937,35.347763858958025,-80.68469683597053,0,1,6213.9976,0.18746956,4,1,false,false,8.440346,2.8141642,13.36887,1.3206205,0.25422934,3
53.889156,0.4951841,35.34775980330344,-80.68468836456653,0,1,6209.5225,0.18674083,4,1,false,false,9.585263,2.7581697,13.6731205,1.3251555,0.24604504,3
53.93629,0.4954314,35.34775574709872,-80.68467978320533,0,1,6221.096,0.18499175,4,1,false,false,9.734832,2.5104604,15.013968,1.3295487,0.24380462,3
53.983017,0.49567896,35.347751781117445,-80.68467120184414,0,1,6228.6987,0.1835348,4,1,false,false,9.11198,2.7471857,14.4620905,1.3337458,0.23570149,3
54.031853,0.49592674,35.34774781513618,-80.68466251044183,0,1,6233.2827,0.18222304,4,1,false,false,9.076808,2.691623,13.845423,1.3379663,0.23602307,3
54.08158,0.49617478,35.34774384915492,-80.6846538190395,0,1,6240.199,0.18120274,4,1,false,false,9.871893,2.6713998,14.392109,1.3421938,0.23706727,3
54.13161,0.49642304,35.34773988317365,-80.68464512763718,0,1,6236.2354,0.18032855,4,1,false,false,8.542089,2.832677,14.9426,1.3464947,0.24080318,3
54.17977,0.4966716,35.34773600741585,-80.68463643623487,0,1,6245.8677,0.17974578,4,1,false,false,8.895588,2.5625033,14.269527,1.3508991,0.24135342,3
54.226574,0.49692038,35.34773213165804,-80.68462774491648,0,1,6258.702,0.17945398,4,1,false,false,9.785251,2.610106,14.143122,1.3553139,0.24288793,3
54.27493,0.49716944,35.347728346123695,-80.68461894347304,0,1,6263.4614,0.17989157,4,1,false,false,9.01606,2.6797285,14.690456,1.359766,0.23942867,3
54.322533,0.49741873,35.34772446981575,-80.6846101420296,0,1,6257.8525,0.18091151,4,1,false,false,9.664552,2.6064188,14.778183,1.364016,0.23197535,3
54.371502,0.49766824,35.347720684281406,-80.68460134067008,0,1,6269.256,0.18222305,4,1,false,false,10.072478,2.702065,15.472885,1.3682679,0.23840743,3
54.417503,0.49791804,35.34771698897052,-80.68459242918551,0,1,6279.729,0.18397182,4,1,false,false,9.197496,2.491945,14.132418,1.3726182,0.23849328,3
54.464573,0.4981681,35.347713202886034,-80.68458351778489,0,1,6280.649,0.18615752,4,1,false,false,9.077272,2.7029035,13.469546,1.3768858,0.23711498,3
54.512985,0.49841845,35.347709507575146,-80.68457460638425,0,1,6286.9453,0.18805206,4,1,false,false,9.874027,2.6869779,15.623262,1.3810781,0.23913315,3
54.561203,0.49866897,35.34770590193758,-80.68456569498362,0,1,6290.0645,0.1898011,4,1,false,false,9.333245,2.6104538,14.887092,1.3853912,0.2452813,3
54.608444,0.4989199,35.3477022066267,-80.68455678349905,0,1,6303.077,0.1921328,4,1,false,false,9.742643,2.5874243,13.683169,1.389896,0.25257882,3
54.65677,0.49917102,35.34769860098913,-80.68454776205729,0,1,6312.1147,0.19315279,4,1,false,false,10.090272,2.7413597,15.676697,1.3945774,0.2591295,3
54.706223,0.49942234,35.34769508612517,-80.68453874061552,0,1,6307.9766,0.19388103,4,1,false,false,10.100684,2.681561,16.14644,1.3994012,0.26336136,3
54.753475,0.49967408,35.347691480487605,-80.68452960917462,0,1,6309.931,0.19373555,4,1,false,false,10.273306,2.5034244,14.867913,1.4043108,0.26285052,3
54.79927,0.49992603,35.3476879650735,-80.68452058773285,0,1,6324.407,0.1931528,4,1,false,false,10.106774,2.5545046,15.036467,1.4091492,0.25921535,3
54.846077,0.5001782,35.347684539882856,-80.68451145624996,0,1,6326.321,0.19256979,4,1,false,false,10.569827,2.6126308,16.548578,1.4138342,0.2563609,3
54.893272,0.5004307,35.34768102501889,-80.68450232480906,0,1,6320.6357,0.19169532,4,1,false,false,9.647849,2.6233683,14.823532,1.4183667,0.25026023,3
54.93891,0.5006835,35.347677599828245,-80.68449319332616,0,1,6333.8086,0.19154982,4,1,false,false,10.009284,2.460217,14.177622,1.4228114,0.24896522,3
54.984776,0.5009365,35.34767426486106,-80.68448395184413,0,1,6349.053,0.19213285,4,1,false,false,10.10519,2.5793319,15.877819,1.4272376,0.2511074,3
55.031708,0.5011898,35.347670839670414,-80.68447471036208,0,1,6345.7183,0.19373554,4,1,false,false,10.03974,2.606138,14.750495,1.4317997,0.25710553,3
55.07936,0.5014435,35.34766759437655,-80.68446546888005,0,1,6349.402,0.19606729,4,1,false,false,9.896484,2.694986,13.720064,1.4364313,0.25912732,3
55.125763,0.50169736,35.34766425940936,-80.684456227398,0,1,6362.154,0.199273,4,1,false,false,11.075314,2.4815874,16.452726,1.4411865,0.26677486,3
55.17282,0.5019515,35.34766101466564,-80.68444698591595,0,1,6366.3413,0.20262508,4,1,false,false,11.490679,2.630748,15.618992,1.4461541,0.27426386,3
55.219727,0.502206,35.347657769921916,-80.68443763443476,0,1,6367.2925,0.20655924,4,1,false,false,10.83801,2.5628948,14.699448,1.4513134,0.27774835,3
55.264652,0.5024608,35.347654614851514,-80.68442828295356,0,1,6376.4673,0.20976496,4,1,false,false,11.1542,2.3565838,14.2385025,1.4563943,0.27040768,3
55.30653,0.50271577,35.34765146033125,-80.68441893143039,0,1,6377.3623,0.21326223,4,1,false,false,10.501075,2.3876276,12.099017,1.4609133,0.24839763,3
55.350723,0.50297105,35.347648305810985,-80.68440946990806,0,1,6374.836,0.21530221,4,1,false,false,10.556616,2.5192003,12.812952,1.4647037,0.23387927,3
55.396828,0.5032266,35.34764524096404,-80.68440011842686,0,1,6383.3843,0.21719673,4,1,false,false,10.749775,2.587272,13.840061,1.4683526,0.24447122,3
55.443893,0.5034823,35.34764217611709,-80.68439065690454,0,1,6405.559,0.22011092,4,1,false,false,11.059368,2.575232,13.538653,1.4726975,0.28172573,3
55.492443,0.50373816,35.34763911182029,-80.68438119538222,0,1,6426.6543,0.22433664,4,1,false,false,11.10859,2.672293,13.847172,1.478167,0.31990537,3
55.54145,0.50399417,35.34763613719681,-80.68437162386074,0,1,6422.685,0.22695902,4,1,false,false,11.84337,2.671265,14.101018,1.4843173,0.33369324,3
55.588264,0.5042504,35.347633162573324,-80.68436216233842,0,1,6405.508,0.22695905,4,1,false,false,12.133705,2.5363688,13.096482,1.4902303,0.31162173,3
55.632664,0.50450677,35.34763018849998,-80.68435259081693,0,1,6406.789,0.22302514,4,1,false,false,13.237489,2.4100797,15.538444,1.4953401,0.2843436,3
55.675293,0.50476325,35.34762730409996,-80.68434301929545,0,1,6421.994,0.21530217,4,1,false,false,13.906536,2.3288376,15.913465,1.5000175,0.27560312,3
55.720646,0.5050199,35.34762450992339,-80.684333447732,0,1,6435.035,0.20714256,4,1,false,false,12.619691,2.6116242,15.625752,1.5048223,0.28587815,3
55.76821,0.5052768,35.347621715746826,-80.68432376621136,0,1,6443.1777,0.19839883,4,1,false,false,12.91508,2.54157,15.884403,1.5101333,0.29935443,3
55.81459,0.5055338,35.347618921570266,-80.68431408464875,0,1,6441.7485,0.19140404,4,1,false,false,12.095852,2.5571666,14.68515,1.5155702,0.29209682,3
55.860622,0.505791,35.34761621761716,-80.68430440308614,0,1,6440.3257,0.1847006,4,1,false,false,11.541627,2.423334,14.706532,1.5207324,0.27287596,3
55.905636,0.50604844,35.34761351311391,-80.68429472152354,0,1,6445.4614,0.17741373,4,1,false,false,12.013876,2.5794182,15.914188,1.5253767,0.25341162,3
55.95169,0.506306,35.34761089938427,-80.68428504000289,0,1,6454.4624,0.17114696,4,1,false,false,10.701779,2.5021207,15.305663,1.5298475,0.24624532,3
55.99727,0.5065637,35.34760828565463,-80.68427524844112,0,1,6459.7104,0.16925241,4,1,false,false,9.956654,2.4750202,13.548006,1.5342236,0.23554735,3
56.044548,0.5068217,35.34760567137484,-80.6842654568374,0,1,6466.3096,0.16983546,4,1,false,false,10.241619,2.5808294,16.303974,1.5385001,0.23523605,3
56.090965,0.50707984,35.34760314786866,-80.68425566527563,0,1,6467.4946,0.172459,4,1,false,false,9.951831,2.4652112,15.528932,1.5428466,0.23953101,3
56.136593,0.50733817,35.34760062381234,-80.68424587371386,0,1,6470.6426,0.17653927,4,1,false,false,9.062834,2.4787703,14.002104,1.547254,0.23924533,3
56.181835,0.50759673,35.34759810030616,-80.68423597215295,0,1,6482.582,0.18091151,4,1,false,false,9.696329,2.3759131,14.899668,1.5516757,0.24181807,3
56.227604,0.5078555,35.34759566647329,-80.68422618054922,0,1,6481.089,0.18280607,4,1,false,false,9.746445,2.6018388,15.999992,1.5560232,0.24201186,3
56.273544,0.50811446,35.34759323264043,-80.68421627898829,0,1,6481.947,0.18324307,4,1,false,false,10.394942,2.4089565,15.135775,1.5605007,0.24860038,3
56.31783,0.5083736,35.34759088958116,-80.6842063773854,0,1,6496.6953,0.18236853,4,1,false,false,10.320891,2.4570103,15.655451,1.5651163,0.2523234,3
56.363247,0.508633,35.34758854597176,-80.68419647580349,0,1,6503.677,0.18047398,4,1,false,false,10.662409,2.4557736,17.89019,1.5699003,0.2578219,3
56.408085,0.5088926,35.34758620236236,-80.68418646420145,0,1,6501.5483,0.17887129,4,1,false,false,10.410048,2.4286,15.791807,1.5748124,0.2566708,3
56.452435,0.5091525,35.347583948976414,-80.68417656261954,0,1,6505.5674,0.1771225,4,1,false,false,9.990216,2.2713473,15.299574,1.5796648,0.2508872,3
56.491993,0.50941247,35.34758169559047,-80.68416655101748,0,1,6512.9155,0.17595676,4,1,false,false,9.606239,2.124207,13.726875,1.5840766,0.22914623,3
56.534363,0.50967264,35.34757953242799,-80.68415653941544,0,1,6511.7954,0.17406225,4,1,false,false,9.634935,2.5283995,15.042913,1.5877447,0.21366094,3
56.57713,0.5099331,35.34757736926551,-80.6841465278134,0,1,6516.4595,0.17406228,4,1,false,false,8.775417,2.1767101,12.501459,1.5912787,0.21610585,3
56.619534,0.51019377,35.34757520555288,-80.6841364061912,0,1,6534.482,0.17624801,4,1,false,false,8.735578,2.5540833,12.225036,1.5948379,0.2245761,3
56.66759,0.51045465,35.34757313261386,-80.68412639458916,0,1,6551.9727,0.18091157,4,1,false,false,9.5079155,2.5466752,16.475677,1.5990298,0.25467932,3
56.713665,0.5107158,35.34757105967484,-80.68411627296696,0,1,6548.592,0.18630332,4,1,false,false,10.470295,2.619052,14.06213,1.6039017,0.27349454,3
56.762104,0.5109771,35.34756898618567,-80.68410626136492,0,1,6552.152,0.192861,4,1,false,false,10.37615,2.5572255,14.354395,1.6093705,0.2869278,3
56.80367,0.51123875,35.34756700347011,-80.68409613974273,0,1,6554.4346,0.19723304,4,1,false,false,11.848354,2.0898988,15.371836,1.6147146,0.2712828,3
56.845284,0.51150054,35.34756502020441,-80.6840859081004,0,1,6543.2163,0.19971061,4,1,false,false,12.139334,2.373381,15.359413,1.6193779,0.25036186,3
56.886467,0.51176256,35.34756303748885,-80.6840757864782,0,1,6550.1973,0.19971058,4,1,false,false,11.757642,2.1826382,15.365317,1.6235281,0.23931898,3
56.92732,0.5120248,35.3475611444466,-80.68406566485602,0,1,6567.1406,0.19781604,4,1,false,false,11.664784,2.2648757,14.66357,1.6275975,0.24506259,3
56.97088,0.5122873,35.34755934217796,-80.68405543321369,0,1,6578.448,0.19577554,4,1,false,false,11.528042,2.4670656,15.405382,1.6319605,0.26263025,3
57.018208,0.5125501,35.34755753935918,-80.68404520157137,0,1,6578.927,0.19460982,4,1,false,false,11.719392,2.538737,17.185253,1.6369047,0.28492427,3
57.06163,0.5128131,35.34755573654039,-80.68403496995,0,1,6583.7734,0.1940273,4,1,false,false,9.22904,2.2463388,13.883127,1.6423359,0.2853068,3
57.103573,0.51307636,35.34755402394507,-80.68402473829718,0,1,6591.5425,0.19402733,4,1,false,false,12.326865,2.2204347,14.782173,1.6475673,0.27750695,3
57.14405,0.5133398,35.34755231134975,-80.68401450666535,0,1,6589.1533,0.19315284,4,1,false,false,11.216661,2.1546433,16.205511,1.6524327,0.26480877,3
57.185223,0.5136035,35.34755068897789,-80.68400416500288,0,1,6581.51,0.19096655,4,1,false,false,11.12491,2.2495415,14.428131,1.6568923,0.25494343,3
57.229164,0.51386756,35.34754906660603,-80.6839938233509,0,1,6608.14,0.18936409,4,1,false,false,11.616607,2.2381537,16.988361,1.6614411,0.2620514,3
57.26992,0.5141318,35.347547444234166,-80.68398359170857,0,1,6614.206,0.18936409,4,1,false,false,12.094267,2.3772085,16.18994,1.666273,0.27084655,3
57.315807,0.51439625,35.34754591153562,-80.68397325005658,0,1,6608.588,0.1905298,4,1,false,false,11.67995,2.4128566,15.438683,1.6713874,0.27518934,3
57.35624,0.5146611,35.34754437938722,-80.68396290839411,0,1,6610.2534,0.19227862,4,1,false,false,12.002903,2.0293965,16.167429,1.6764976,0.27232245,3
57.394943,0.5149261,35.34754293746228,-80.683952456722,0,1,6619.668,0.19388102,4,1,false,false,11.731914,2.1058698,15.722773,1.6813767,0.26405734,3
57.434196,0.5151913,35.3475414949872,-80.68394211507001,0,1,6624.8154,0.19519307,4,1,false,false,12.21436,2.217727,15.998814,1.6859968,0.2608465,3
57.47883,0.51545686,35.34754014328571,-80.68393177341278,0,1,6626.994,0.19577548,4,1,false,false,12.294427,2.3648067,17.838057,1.6907995,0.2740614,3
57.520546,0.5157227,35.34753879103409,-80.68392132174067,0,1,6634.049,0.19621308,4,1,false,false,12.517297,2.2310886,16.263126,1.6960422,0.28622112,3
57.56247,0.5159887,35.34753752900593,-80.6839108700633,0,1,6643.5864,0.19694182,4,1,false,false,12.8541565,2.2356567,17.701788,1.7015789,0.29245466,3
57.60174,0.5162551,35.34753626697777,-80.68390041839118,0,1,6644.048,0.19737884,4,1,false,false,11.966057,2.0095124,17.522287,1.7071892,0.2880813,3
57.639603,0.5165217,35.34753509572321,-80.68388996671644,0,1,6638.6167,0.19665006,4,1,false,false,11.347818,2.0593183,14.773544,1.7124153,0.26587668,3
57.675785,0.51678854,35.347533923918505,-80.68387951504168,0,1,6644.3774,0.19548427,4,1,false,false,12.074237,1.942862,14.423156,1.7169365,0.24535914,3
57.712875,0.51705545,35.347532842337266,-80.68386895335074,0,1,6648.222,0.19315283,4,1,false,false,11.911219,2.0870385,15.436592,1.7209256,0.24227114,3
57.75177,0.5173225,35.34753176020588,-80.68385850167697,0,1,6656.935,0.19154984,4,1,false,false,9.198018,2.1005318,12.762214,1.7249222,0.24195953,3
57.79194,0.5175897,35.34753067862464,-80.68384793998537,0,1,6677.1777,0.19271553,4,1,false,false,10.733387,2.3235538,12.894699,1.7291458,0.25762963,3
57.835228,0.5178571,35.34752968726686,-80.6838374883116,0,1,6684.4126,0.19679609,4,1,false,false,11.20852,2.2206964,14.327454,1.7338399,0.27699476,3
57.87849,0.51812446,35.34752869590908,-80.68382692662065,0,1,6669.2563,0.20277052,4,1,false,false,11.039833,2.451049,15.044056,1.7388742,0.2876261,3
57.92084,0.518392,35.347527794774756,-80.68381636492839,0,1,6684.8794,0.20889045,4,1,false,false,11.51064,2.0712008,14.196968,1.7442844,0.2955773,3
57.957043,0.5186598,35.3475268930903,-80.68380580323613,0,1,6692.3677,0.21428224,4,1,false,false,12.062177,2.0633206,14.549738,1.7495279,0.28639972,3
57.9975,0.5189275,35.347525991955976,-80.68379524154386,0,1,6686.196,0.21894515,4,1,false,false,13.311901,2.105978,17.006044,1.7545897,0.28855574,3
58.035465,0.5191955,35.347525180494976,-80.6837845698367,0,1,6686.3813,0.2193822,4,1,false,false,13.280464,2.1620457,14.875408,1.7596245,0.28986663,3
58.07525,0.5194636,35.34752445925743,-80.68377400814444,0,1,6704.8496,0.21734215,4,1,false,false,13.798949,2.0608912,16.707914,1.7648655,0.29955462,3
58.113182,0.5197318,35.34752373857003,-80.68376344645218,0,1,6708.855,0.21297097,4,1,false,false,14.9615,2.0684636,17.782063,1.7703387,0.30763897,3
58.152405,0.52000016,35.34752310755595,-80.68375277473977,0,1,6702.38,0.20743382,4,1,false,false,13.702881,2.0328507,15.2701645,1.7760289,0.30693933,3
58.188007,0.52026874,35.34752247654187,-80.68374210303786,0,1,6707.314,0.19927308,4,1,false,false,13.1835,1.8335844,14.761922,1.7814676,0.28864756,3
58.222946,0.5205373,35.34752184552779,-80.68373143132546,0,1,6715.533,0.1915498,4,1,false,false,13.587378,1.906821,16.32211,1.7863677,0.27069253,3
58.261475,0.5208061,35.34752139496063,-80.68372086963319,0,1,6714.7993,0.18149431,4,1,false,false,12.756686,2.1395884,15.587688,1.790974,0.2610769,3
58.302036,0.52107507,35.34752085417001,-80.68371019792079,0,1,6720.896,0.17347896,4,1,false,false,11.586705,2.152238,14.990555,1.7956681,0.25692558,3
58.340202,0.5213442,35.34752040360285,-80.68369941619873,0,1,6731.988,0.16604614,4,1,false,false,10.976554,1.9766688,14.795755,1.8004603,0.2523559,3
58.377518,0.5216134,35.34752004270901,-80.68368874448633,0,1,6732.1416,0.16167381,4,1,false,false,10.167517,2.0312297,15.076486,1.8050499,0.2402265,3
58.415157,0.5218829,35.34751968236531,-80.68367807277393,0,1,6728.4463,0.15817633,4,1,false,false,9.234044,1.9757587,14.185342,1.8092893,0.22577532,3
58.45315,0.5221525,35.347519322021604,-80.68366740107201,0,1,6735.382,0.15584426,4,1,false,false,10.367279,2.1695876,15.733185,1.8131808,0.21964815,3
58.49368,0.5224223,35.34751905135123,-80.68365661934996,0,1,6745.71,0.15438704,4,1,false,false,9.78179,2.1410534,17.962997,1.8172557,0.22779737,3
58.533943,0.5226923,35.34751878123099,-80.68364594762706,0,1,6751.269,0.15467824,4,1,false,false,9.337349,2.1945512,15.7946,1.821735,0.23150456,3
58.57488,0.5229625,35.34751860078406,-80.683635165905,0,1,6759.6953,0.15496975,4,1,false,false,10.156464,2.1195853,17.176418,1.8264705,0.23523036,3
58.61187,0.5232329,35.347518420337146,-80.68362449420309,0,1,6753.8804,0.15496978,4,1,false,false,10.722332,1.8904439,18.759418,1.8311609,0.2320768,3
58.64677,0.5235034,35.34751823989022,-80.68361371246006,0,1,6747.0996,0.1542413,4,1,false,false,9.796328,1.8553594,17.270622,1.8355663,0.21946304,3
58.680573,0.52377415,35.34751815021691,-80.683602930738,0,1,6756.7915,0.1542413,4,1,false,false,9.51942,1.8135152,17.17791,1.83955,0.20775919,3
58.713673,0.52404505,35.34751815021691,-80.68359214901595,0,1,6768.3906,0.15496978,4,1,false,false,9.458783,1.8006462,17.076336,1.8433224,0.20676637,3
58.750683,0.52431613,35.34751805999345,-80.68358147731404,0,1,6771.6255,0.1577388,4,1,false,false,8.795679,2.0492911,16.627312,1.847186,0.21621291,3
58.78685,0.52458745,35.34751815021691,-80.68357069557099,0,1,6777.177,0.16182014,4,1,false,false,8.357439,1.9016495,15.704165,1.8513652,0.22669306,3
58.82274,0.5248589,35.34751815021691,-80.68355991384894,0,1,6785.123,0.1672122,4,1,false,false,9.00718,1.899477,14.779317,1.8557372,0.23716633,3
58.858562,0.52513057,35.34751823989022,-80.68354913212688,0,1,6785.771,0.1750823,4,1,false,false,9.57003,1.9592707,15.75032,1.8602014,0.24272463,3
58.895275,0.5254024,35.347518420337146,-80.68353824038469,0,1,6788.756,0.18266058,4,1,false,false,9.985853,2.000847,14.823235,1.8647007,0.24668053,3
58.930367,0.52567446,35.347518510560604,-80.68352745866264,0,1,6793.5933,0.18878084,4,1,false,false,10.245592,1.8774433,14.009693,1.8691928,0.24904798,3
58.96462,0.52594674,35.34751878123099,-80.6835166769196,0,1,6796.1436,0.19621304,4,1,false,false,11.0246725,1.8792255,15.077711,1.8735989,0.2500682,3
59.00007,0.5262191,35.34751896112776,-80.68350589519754,0,1,6800.6816,0.20204177,4,1,false,false,11.653574,1.9626352,16.161865,1.8780814,0.26123467,3
59.033875,0.5264918,35.347519231798145,-80.68349500347634,0,1,6808.8022,0.20859924,4,1,false,false,12.258162,1.89077,15.07465,1.8828503,0.27720135,3
59.06754,0.5267646,35.34751959214184,-80.6834842217123,0,1,6815.539,0.21413676,4,1,false,false,11.709057,1.8138213,13.243131,1.8879108,0.28740048,3
59.10181,0.5270377,35.34751995248555,-80.68347343999025,0,1,6813.931,0.21952815,4,1,false,false,13.552539,1.9272256,15.903575,1.8928999,0.28898323,3
59.137733,0.5273109,35.34752040360285,-80.68346254826905,0,1,6814.1426,0.22317062,4,1,false,false,13.734068,1.9197693,16.73978,1.8979995,0.29660264,3
59.17161,0.52758425,35.34752085417001,-80.683451766547,0,1,6824.177,0.22666784,4,1,false,false,13.616441,1.8307254,13.97588,1.9033777,0.30657318,3
59.2055,0.52785796,35.34752130473717,-80.68344087478381,0,1,6836.53,0.22929084,4,1,false,false,14.488402,1.8104031,15.664982,1.9090589,0.31560537,3
59.238865,0.5281318,35.34752184552779,-80.68343009306176,0,1,6832.441,0.23133054,4,1,false,false,15.570657,1.8321714,16.800335,1.91478,0.31977186,3
59.27295,0.5284058,35.34752247654187,-80.68341920129858,0,1,6826.769,0.23191352,4,1,false,false,14.855608,1.7894101,15.646583,1.9204669,0.31602237,3
59.304276,0.52868015,35.34752310755595,-80.68340841957652,0,1,6836.5483,0.2313305,4,1,false,false,14.772924,1.755652,16.0449,1.925964,0.30949914,3
59.336033,0.52895457,35.34752382879349,-80.6833975278553,0,1,6846.1367,0.2310393,4,1,false,false,15.0885315,1.7610027,15.923515,1.9314027,0.3098372,3
59.369247,0.5292292,35.347524549480895,-80.68338674613325,0,1,6844.1357,0.22958204,4,1,false,false,14.55546,1.8770386,15.029585,1.9368813,0.31400833,3
59.403786,0.5295042,35.347525360941894,-80.68337585437008,0,1,6845.2407,0.22768784,4,1,false,false,14.631191,1.8065377,16.447598,1.9424509,0.31528234,3
59.43584,0.5297793,35.347526262076215,-80.68336496264887,0,1,6856.2104,0.22652212,4,1,false,false,15.335202,1.749926,16.127457,1.9481437,0.31987318,3
59.46726,0.5300546,35.34752716376068,-80.68335418088485,0,1,6862.731,0.22433661,4,1,false,false,14.335035,1.689923,15.018263,1.9538835,0.31664765,3
59.49992,0.5303302,35.347528064894995,-80.68334328916363,0,1,6859.847,0.22302511,4,1,false,false,14.444313,1.868294,16.259691,1.959399,0.3071418,3
59.533817,0.530606,35.34752905625278,-80.68333250744158,0,1,6861.028,0.22185935,4,1,false,false,14.8322315,1.7919892,16.46389,1.964757,0.30330628,3
59.566395,0.53088194,35.34753013783402,-80.6833216156784,0,1,6867.215,0.22069389,4,1,false,false,14.694318,1.737739,15.235139,1.9701412,0.30322328,3
59.599854,0.531158,35.34753121941526,-80.68331083395634,0,1,6878.2524,0.22054818,4,1,false,false,14.626362,1.7453219,16.922327,1.9756165,0.30649772,3
59.631035,0.531434,35.347532391219964,-80.68329994223514,0,1,6877.827,0.22083937,4,1,false,false,14.75589,1.7341932,16.036402,1.9811752,0.30942473,3
59.666252,0.53171027,35.34753356302466,-80.6832891604711,0,1,6876.6377,0.22185935,4,1,false,false,15.102308,1.8777194,16.230297,1.9867468,0.31131646,3
59.698036,0.53198653,35.347534825052826,-80.6832782687499,0,1,6880.6167,0.22287934,4,1,false,false,14.672067,1.5667586,15.69384,1.9923277,0.30823845,3
59.729183,0.5322628,35.34753617730445,-80.68326748702785,0,1,6885.218,0.22346239,4,1,false,false,14.428988,1.682598,15.86109,1.9976734,0.2989578,3
59.76021,0.5325392,35.34753752900593,-80.68325659526467,0,1,6890.751,0.22317056,4,1,false,false,13.370921,1.7079905,15.285508,2.0027988,0.2931813,3
59.79343,0.53281564,35.347538881257556,-80.68324581354261,0,1,6891.9307,0.22258818,4,1,false,false,14.458973,1.867813,14.957363,2.00778,0.2918893,3
59.828594,0.5330922,35.34754032318249,-80.6832349218214,0,1,6901.0684,0.22127637,4,1,false,false,13.986782,1.8199952,15.372717,2.0130115,0.30569303,3
59.86283,0.5333688,35.34754185588104,-80.68322414005738,0,1,6905.6445,0.22025642,4,1,false,false,14.913626,1.8472137,16.086906,2.0185614,0.31625906,3
59.899036,0.5336456,35.347543388029436,-80.68321335833532,0,1,6912.6416,0.22025639,4,1,false,false,14.588459,1.8443818,17.242754,2.0245173,0.32621855,3
59.930157,0.5339224,35.34754492017784,-80.68320246661412,0,1,6911.354,0.22113061,4,1,false,false,15.561111,1.5514662,16.39172,2.030646,0.3292651,3
59.96204,0.53419936,35.3475465425497,-80.68319168489207,0,1,6911.0347,0.22142243,4,1,false,false,14.986255,1.6481438,17.54795,2.0366163,0.31978214,3
59.99148,0.5344764,35.34754825514503,-80.68318090317001,0,1,6909.554,0.22054818,4,1,false,false,15.226031,1.5413262,18.023623,2.0422559,0.30688527,3
60.02267,0.53475344,35.34755005796381,-80.68317012140598,0,1,6915.267,0.21879973,4,1,false,false,16.23528,1.7297658,18.304703,2.04768,0.3021575,3
60.052742,0.53503066,35.347551860782595,-80.68315933968393,0,1,6925.333,0.2158852,4,1,false,false,14.863008,1.5215706,16.394238,2.05326,0.30479574,3
60.08291,0.535308,35.347553663601374,-80.68314855800384,0,1,6927.8975,0.21180494,4,1,false,false,14.87197,1.664326,16.418854,2.0587707,0.30058476,3
60.112633,0.5355854,35.347555556093475,-80.68313777623982,0,1,6925.9033,0.20889048,4,1,false,false,13.72589,1.5510991,15.170989,2.0640907,0.28916562,3
60.14256,0.5358629,35.34755753935918,-80.6831269944758,0,1,6926.2764,0.20553932,4,1,false,false,13.502322,1.6864434,14.150936,2.0689783,0.27656955,3
60.17421,0.53614056,35.34755952207474,-80.68311621279571,0,1,6933.4473,0.20437378,4,1,false,false,12.682629,1.6937709,15.450954,2.07362,0.26758707,3
60.206596,0.5364183,35.3475615955639,-80.68310554107282,0,1,6940.701,0.20539378,4,1,false,false,12.150583,1.7372591,13.018555,2.078301,0.26948702,3
60.238716,0.5366962,35.34756366850293,-80.68309475939273,0,1,6947.475,0.209765,4,1,false,false,12.168682,1.7486309,12.695646,2.0830796,0.2752638,3
60.272667,0.53697425,35.34756574144195,-80.68308397762871,0,1,6947.7124,0.21603099,4,1,false,false,12.735923,1.7263172,15.400114,2.0879393,0.28209832,3
60.24298,0.5372523,35.34756790460443,-80.68307330590581,0,1,6830.0283,0.22521117,0,1,false,false,12.813163,-5.2106853,14.172522,2.0928087,0.28876418,3
60.19868,0.53753006,35.347570157990376,-80.68306252422572,0,1,6361.702,0.23366225,5,1,false,false,13.986576,0.5276046,15.805614,2.0978708,0.30630526,3
60.306435,0.537808,35.34757232115286,-80.68305185250283,0,1,5704.881,0.24386102,5,1,false,false,14.785849,6.765438,16.553658,2.1037395,0.35337707,3
60.355743,0.53808635,35.34757466476226,-80.68304118077992,0,1,5810.4893,0.2511461,5,1,false,false,16.830017,-2.0683281,15.779711,2.1104417,0.37964463,3
60.316097,0.53836465,35.347577008371665,-80.68303050905703,0,1,6064.982,0.2563913,5,1,false,false,17.529982,0.12966973,17.082827,2.1171916,0.37250176,3
60.354908,0.538643,35.34757944220453,-80.68301983733414,0,1,5974.7495,0.25609946,5,1,false,false,17.571642,2.7543294,17.136139,2.123712,0.36503267,3
60.407757,0.5389216,35.347581876037395,-80.68300916561124,0,1,5811.7573,0.25041732,5,1,false,false,18.411734,2.3524895,15.943411,2.1299274,0.3468626,3
60.427544,0.5392003,35.34758439954358,-80.68299849397228,0,1,5940.9155,0.24109259,5,1,false,false,19.007174,-0.13255018,17.58429,2.1358042,0.33718464,3
60.433586,0.53947914,35.34758701327322,-80.68298793220657,0,1,5978.036,0.22608542,5,1,false,false,16.195501,1.3553227,14.605541,2.141461,0.3171487,3
60.474575,0.5397581,35.347589627553006,-80.68297726056761,0,1,5931.4927,0.21209677,5,1,false,false,16.456291,2.1947365,16.148819,2.147002,0.3155672,3
60.50734,0.5400372,35.34759233150611,-80.6829666988019,0,1,5924.516,0.19606733,5,1,false,false,16.087,1.3140662,16.910776,2.1527457,0.31794626,3
60.531822,0.5403166,35.34759503545921,-80.68295613712013,0,1,5956.7427,0.18353479,5,1,false,false,14.466713,1.2606385,15.6691,2.1584222,0.30056486,3
60.56018,0.54059607,35.347597829635774,-80.68294557543837,0,1,5956.109,0.17216752,5,1,false,false,13.754191,1.6000965,16.302317,2.1637301,0.2746866,3
60.59231,0.5408757,35.34760062381234,-80.68293501375659,0,1,5930.974,0.16488038,5,1,false,false,13.231425,1.6864828,16.480816,2.168484,0.25200206,3
60.620705,0.5411556,35.34760350821236,-80.68292445207481,0,1,5946.239,0.16225712,5,1,false,false,11.745294,1.2625767,15.300922,2.172872,0.23576482,3
60.64929,0.54143566,35.347606392612384,-80.68291389039305,0,1,5961.914,0.16196567,5,1,false,false,11.961073,1.6248252,16.92169,2.1770608,0.2289841,3
60.68168,0.54171586,35.34760936723587,-80.68290332871128,0,1,5953.835,0.16517195,5,1,false,false,11.275415,1.6025378,16.971664,2.1814272,0.23624024,3
60.713356,0.54199636,35.347612341309215,-80.6828928769867,0,1,5952.054,0.17056423,5,1,false,false,11.234358,1.6710074,16.936014,2.186005,0.24372357,3
60.743343,0.54227704,35.34761540615616,-80.68288242534605,0,1,5968.195,0.1750823,5,1,false,false,11.939377,1.3439183,17.4525,2.1908615,0.2500827,3
60.77042,0.54255784,35.3476184710031,-80.68287186366427,0,1,5958.558,0.18032849,5,1,false,false,11.510059,1.4743801,16.898302,2.1956043,0.24605963,3
60.79843,0.542839,35.34762162552337,-80.6828614119397,0,1,5956.073,0.18324302,5,1,false,false,12.253309,1.285112,18.162392,2.2001235,0.24332906,3
60.822636,0.54312027,35.34762478004363,-80.68285096029905,0,1,5969.3574,0.18353485,5,1,false,false,11.231106,1.2327551,15.248175,2.2045152,0.24319594,3
60.850567,0.5434017,35.3476280253375,-80.6828405086584,0,1,5972.7754,0.1829518,5,1,false,false,11.007477,1.4721073,15.3405,2.2088726,0.24604982,3
60.877438,0.54368347,35.34763127008122,-80.68283005693382,0,1,5968.485,0.1816403,5,1,false,false,10.560817,1.332473,13.7591,2.2131608,0.2421504,3
60.905613,0.5439654,35.34763451482495,-80.68281960529318,0,1,5973.4766,0.18091156,5,1,false,false,10.661157,1.5072522,14.522917,2.21724,0.23937544,3
60.934765,0.54424745,35.34763784979213,-80.68280926360973,0,1,5986.438,0.18120274,5,1,false,false,11.897371,1.4549317,14.663284,2.2214594,0.24832462,3
60.967506,0.54452986,35.34764118475931,-80.68279881196908,0,1,5988.78,0.18324304,5,1,false,false,11.01794,1.8168108,15.390525,2.2260401,0.26058784,3
61.00103,0.5448125,35.34764460994996,-80.68278847028562,0,1,5991.7534,0.18819778,5,1,false,false,12.2347765,1.5940952,17.74781,2.2311943,0.27782398,3
61.030743,0.54509526,35.3476480351406,-80.68277812860217,0,1,5991.269,0.19388102,5,1,false,false,12.268181,1.4715525,15.563275,2.2366529,0.27965388,3
61.05948,0.5453784,35.34765155055471,-80.68276778700265,0,1,5989.5264,0.19927306,5,1,false,false,12.864777,1.39032,17.584915,2.2419097,0.27289584,3
61.083427,0.5456616,35.347655065968816,-80.68275744531918,0,1,5985.677,0.20451926,5,1,false,false,12.841604,1.2082274,17.327518,2.2467186,0.25738996,3
61.110626,0.545945,35.34765858083278,-80.68274710363573,0,1,5991.75,0.20655929,5,1,false,false,13.838068,1.4411274,18.414444,2.2512438,0.25994027,3
61.135826,0.5462282,35.347662276693804,-80.68273676203621,0,1,6001.244,0.20626807,5,1,false,false,12.971191,1.262516,16.791412,2.25608,0.27505273,3
61.163326,0.54651153,35.347665881781225,-80.68272653039388,0,1,6001.521,0.2042275,5,1,false,false,11.886048,1.4120812,16.122887,2.2611907,0.2814122,3
61.189877,0.54679495,35.34766957764226,-80.68271618871042,0,1,6002.6904,0.20131302,5,1,false,false,14.028019,1.2990984,17.781013,2.2663965,0.2875235,3
61.217457,0.5470783,35.3476733631766,-80.6827059570681,0,1,6005.6787,0.19796185,5,1,false,false,14.344973,1.455882,18.327984,2.2716832,0.2908698,3
61.24543,0.54736173,35.34767714871094,-80.68269572542576,0,1,6013.3286,0.19388102,5,1,false,false,13.86994,1.3147476,18.432682,2.277293,0.29833287,3
61.270664,0.54764533,35.34768102501889,-80.68268560382455,0,1,6017.5137,0.19023831,5,1,false,false,12.366772,1.1717554,16.662552,2.2830348,0.2890765,3
61.293816,0.54792875,35.3476849007767,-80.68267537218222,0,1,6010.888,0.18878081,5,1,false,false,12.597762,1.2594483,15.090447,2.2882466,0.26178136,3
61.32036,0.54821235,35.347688776534504,-80.68266525058102,0,1,6009.673,0.18732382,5,1,false,false,14.61138,1.534471,17.97798,2.2925904,0.24554305,3
61.347404,0.54849595,35.34769274251577,-80.68265501893869,0,1,6017.0645,0.18557504,5,1,false,false,11.6636095,1.3936477,17.387573,2.2968476,0.24935424,3
61.375084,0.5487796,35.34769679872049,-80.68264489733748,0,1,6038.261,0.18674085,5,1,false,false,12.417116,1.5003769,16.189875,2.3016772,0.26942548,3
61.401867,0.5490633,35.34770085437508,-80.68263488569346,0,1,6033.9453,0.1905298,5,1,false,false,12.078455,1.2640482,16.616512,2.307046,0.28551885,3
61.426044,0.5493471,35.347705000803266,-80.68262476409227,0,1,6012.4243,0.19490156,5,1,false,false,11.805331,1.1468141,14.963989,2.3122332,0.27584487,3
61.445908,0.5496309,35.34770905700799,-80.68261464249106,0,1,6029.476,0.19781606,5,1,false,false,12.438332,0.9755044,14.147913,2.3167896,0.25734043,3
61.46913,0.5499147,35.34771329310949,-80.68260463084704,0,1,6040.4155,0.19927305,5,1,false,false,12.329111,1.5113714,14.871172,2.3208737,0.24867071,3
61.499844,0.5501986,35.34771752976114,-80.68259461928696,0,1,6035.4556,0.19985633,5,1,false,false,12.358583,1.6039842,15.784204,2.3252103,0.26527292,3
61.5273,0.5504826,35.347721765862644,-80.68258460764294,0,1,6046.7036,0.20029299,5,1,false,false,12.659185,1.3694371,13.373313,2.3302567,0.28853792,3
61.55372,0.55076665,35.34772609273775,-80.68257459608286,0,1,6055.4277,0.20189628,5,1,false,false,12.663677,1.2904556,15.24342,2.3356936,0.29790378,3
61.5791,0.5510507,35.34773041906272,-80.68256458443885,0,1,6040.374,0.20364502,5,1,false,false,14.474358,1.4148636,16.857077,2.3409925,0.29343066,3
61.60742,0.5513349,35.34773474538768,-80.68255468283596,0,1,6045.503,0.20481056,5,1,false,false,14.468295,1.3943603,17.992388,2.3462496,0.29528806,3
61.632412,0.55161923,35.34773916193611,-80.68254478123306,0,1,6060.1973,0.20553927,5,1,false,false,15.015364,1.3323888,18.354214,2.3517473,0.30159062,3
61.659447,0.55190355,35.347743668708,-80.68253487971411,0,1,6057.6655,0.20626804,5,1,false,false,14.9683075,1.3312914,17.76966,2.3575819,0.30751204,3
61.68249,0.5521879,35.34774817547988,-80.68252497811122,0,1,6049.605,0.20670506,5,1,false,false,15.095238,1.1180191,17.125267,2.3633535,0.30315715,3
61.702873,0.5524725,35.347752772475225,-80.68251518654945,0,1,6052.358,0.20539378,5,1,false,false,14.5180435,1.0140938,16.704947,2.368617,0.2842977,3
61.72383,0.552757,35.34775736947058,-80.68250528494657,0,1,6056.285,0.20204176,5,1,false,false,14.4626255,1.2400345,15.950094,2.3732753,0.26884302,3
61.750603,0.55304164,35.34776205668938,-80.68249560342592,0,1,6059.867,0.19737884,5,1,false,false,14.166866,1.4543953,16.652891,2.3777783,0.26742715,3
61.77743,0.5533264,35.347766743358044,-80.68248581178023,0,1,6067.9717,0.1940273,5,1,false,false,13.053331,1.403784,15.012594,2.3826036,0.27625766,3
61.805374,0.5536113,35.347771520800315,-80.68247602021846,0,1,6073.823,0.19256982,5,1,false,false,13.369638,1.3970414,15.003109,2.3878205,0.28852126,3
61.830975,0.55389625,35.34777629769244,-80.68246633869782,0,1,6067.5693,0.19490154,5,1,false,false,13.636379,1.3210955,15.498509,2.393128,0.28680518,3
61.857445,0.55418134,35.347781075134705,-80.68245665717718,0,1,6067.56,0.19985633,5,1,false,false,13.790961,1.3228117,16.641434,2.3982916,0.28219932,3
61.881622,0.55446655,35.3477859422503,-80.6824469755726,0,1,6075.835,0.20830806,5,1,false,false,13.762195,1.2412947,15.94256,2.4033797,0.28146514,3
61.90669,0.5547519,35.34779089958934,-80.68243729405197,0,1,6077.267,0.21777971,5,1,false,false,14.477801,1.4259484,16.240776,2.408426,0.283407,3
61.93137,0.5550373,35.34779585747853,-80.68242772257246,0,1,6076.209,0.22783326,5,1,false,false,14.514106,1.2290964,16.378708,2.4135504,0.29175955,3
61.954998,0.5553229,35.347800814817575,-80.68241815092506,0,1,6079.22,0.23701315,5,1,false,false,15.3779,1.2749857,16.585299,2.4187303,0.30197483,3
61.980564,0.5556086,35.347805862380085,-80.68240857944555,0,1,6090.102,0.24531828,5,1,false,false,16.255281,1.2864745,17.003677,2.4242222,0.32043406,3
62.006176,0.5558944,35.34781090994259,-80.68239911792323,0,1,6089.0093,0.25056309,5,1,false,false,16.168839,1.3688672,17.204037,2.4301357,0.34120658,3
62.031593,0.5561804,35.34781604772856,-80.68238954644372,0,1,6089.5566,0.2537689,5,1,false,false,16.433458,1.1623337,16.228848,2.4364495,0.35235053,3
62.05469,0.5564665,35.347821275737985,-80.68238008492139,0,1,6097.4395,0.25347757,5,1,false,false,17.52885,1.2345929,17.76262,2.4427862,0.35383078,3
62.078712,0.5567527,35.34782650319727,-80.68237073335625,0,1,6094.2993,0.25056314,5,1,false,false,17.966867,1.1471921,18.234072,2.4491308,0.35518646,3
62.102165,0.5570392,35.347831731206696,-80.68236127183393,0,1,6094.967,0.24444401,5,1,false,false,17.030434,1.2281276,15.777502,2.4553614,0.34260595,3
62.12553,0.5573258,35.34783704943959,-80.68235192043666,0,1,6106.233,0.23759618,5,1,false,false,17.89414,1.196914,17.851746,2.4613008,0.33130306,3
62.1507,0.5576125,35.34784245734579,-80.68234267882872,0,1,6097.162,0.22841632,5,1,false,false,18.026354,1.3570447,19.026932,2.4671063,0.33141348,3
62.175537,0.5578995,35.347847865252,-80.68233332743145,0,1,6103.267,0.22011092,5,1,false,false,16.405476,1.2450104,15.157378,2.4730623,0.32652223,3
62.199184,0.5581866,35.34785336393181,-80.68232408599138,0,1,6113.308,0.21369918,5,1,false,false,15.374245,1.1689562,16.119528,2.4788764,0.31392592,3
62.22292,0.5584738,35.34785886206148,-80.6823149545085,0,1,6098.863,0.20801622,5,1,false,false,15.4119,1.3928022,17.133265,2.4841309,0.29122323,3
62.250744,0.55876136,35.347864450414605,-80.68230571290054,0,1,6105.455,0.20481054,5,1,false,false,15.31971,1.3687207,16.513748,2.4892318,0.29245073,3
62.275997,0.55904907,35.34787003876773,-80.68229658158553,0,1,6124.7847,0.20277052,5,1,false,false,14.499093,1.2885844,16.790342,2.4947097,0.30451843,3
62.301983,0.5593369,35.34787571734432,-80.68228745010265,0,1,6118.0493,0.20306174,5,1,false,false,12.871143,1.3380109,15.65548,2.5003722,0.2953369,3
62.326694,0.5596251,35.34788139592091,-80.68227842857696,0,1,6107.8135,0.20553932,5,1,false,false,14.982432,1.2767599,16.222025,2.5055783,0.28245386,3
62.349884,0.55991334,35.34788707449749,-80.68226940721914,0,1,6115.269,0.20743382,5,1,false,false,14.8658085,1.14488,16.287449,2.5103662,0.27133098,3
62.374264,0.5602017,35.347892843297544,-80.68226038569344,0,1,6122.7744,0.2088905,5,1,false,false,13.283054,1.3246841,14.276463,2.515012,0.27074796,3
62.40116,0.5604901,35.34789870177091,-80.68225136433561,0,1,6128.1475,0.21122256,5,1,false,false,14.211475,1.4571366,16.084536,2.5197709,0.28042793,3
62.42962,0.56077856,35.34790456079442,-80.68224245276711,0,1,6126.5176,0.21442793,5,1,false,false,15.218616,1.3792007,17.14397,2.5249782,0.30141383,3
62.456017,0.561067,35.347910419267784,-80.68223354136649,0,1,6131.432,0.21763393,5,1,false,false,14.881948,1.2688929,16.158997,2.5306633,0.31710932,3
62.48024,0.5613554,35.34791636851475,-80.68222462996584,0,1,6134.799,0.22200516,5,1,false,false,14.84604,1.1828723,16.401554,2.536547,0.3183506,3
62.503845,0.5616439,35.347922317211584,-80.6822158285224,0,1,6130.902,0.22593904,5,1,false,false,15.449648,1.1912994,16.38549,2.5422282,0.31149727,3
62.526905,0.5619323,35.34792826645855,-80.68220702724683,0,1,6132.0127,0.22841632,5,1,false,false,15.557613,1.188749,16.123465,2.5476556,0.30354038,3
62.551304,0.56222075,35.3479343956023,-80.68219822580339,0,1,6141.59,0.22899958,5,1,false,false,16.915112,1.2962083,18.465385,2.5530114,0.30894363,3
62.576466,0.56250936,35.34794043452259,-80.68218953431713,0,1,6144.5635,0.22885332,5,1,false,false,15.749624,1.2146566,17.406605,2.5587108,0.32107842,3
62.600407,0.56279784,35.34794656366633,-80.68218084299875,0,1,6147.418,0.22812505,5,1,false,false,16.694971,1.246757,16.153648,2.5646183,0.32347375,3
62.62493,0.56308645,35.34795278303355,-80.68217215151249,0,1,6148.876,0.22768778,5,1,false,false,17.357208,1.1718166,18.316618,2.5705328,0.32430884,3
62.647938,0.5633751,35.347959002400756,-80.6821635701513,0,1,6141.112,0.22695905,5,1,false,false,16.072937,1.1709052,16.863834,2.576233,0.31630552,3
62.67188,0.5636637,35.34796531199142,-80.6821549887901,0,1,6155.938,0.22666785,5,1,false,false,16.70674,1.1510292,17.51807,2.5819004,0.31808272,3
62.69459,0.56395245,35.34797162158209,-80.68214640742892,0,1,6160.2007,0.22666782,5,1,false,false,16.288925,1.3051263,16.313084,2.587585,0.3187082,3
62.720257,0.56424123,35.34797793062262,-80.68213793602492,0,1,6148.429,0.22754204,5,1,false,false,15.420222,1.2458799,16.186253,2.5932255,0.31441098,3
62.742516,0.56453,35.34798433043675,-80.68212957474597,0,1,6156.285,0.22768779,5,1,false,false,15.230161,1.1303362,15.400283,2.5986657,0.30884746,3
62.765724,0.5648189,35.34799082047434,-80.68212110334197,0,1,6166.1616,0.2284163,5,1,false,false,15.5172615,1.1805358,16.237265,2.6040332,0.3090245,3
62.791492,0.56510794,35.347997309961784,-80.68211274206303,0,1,6162.211,0.22885332,5,1,false,false,16.171255,1.4150505,16.321018,2.6094844,0.31762043,3
62.81779,0.56539696,35.348003799999375,-80.68210438078408,0,1,6165.9844,0.22899956,5,1,false,false,15.619668,1.2429229,16.257114,2.6152575,0.3258196,3
62.84313,0.5656861,35.34801037971029,-80.68209612946232,0,1,6174.3975,0.2301651,5,1,false,false,16.792347,1.26964,18.161316,2.6212895,0.33480817,3
62.867344,0.56597537,35.348016959421194,-80.68208787814058,0,1,6172.5356,0.23133047,5,1,false,false,17.314531,1.2799734,18.299553,2.6275058,0.33739948,3
62.891037,0.5662646,35.348023539682245,-80.68207973677602,0,1,6167.8667,0.2316217,5,1,false,false,17.218357,1.1725184,17.995749,2.6336567,0.33196497,3
62.911774,0.566554,35.348030299840076,-80.68207159541144,0,1,6173.303,0.23016502,5,1,false,false,16.952652,1.0589383,17.432589,2.639461,0.31412926,3
62.93375,0.56684357,35.34803696977444,-80.68206345421476,0,1,6175.435,0.22725083,5,1,false,false,16.907104,1.0609603,17.405476,2.644943,0.30729795,3
62.955322,0.5671332,35.34804372993227,-80.68205542280738,0,1,6175.81,0.22287937,5,1,false,false,15.328135,1.1031868,14.613245,2.6502116,0.29541263,3
62.9794,0.5674229,35.34805058031356,-80.68204739156788,0,1,6180.185,0.21836217,5,1,false,false,15.476663,1.2306129,16.651497,2.6552956,0.29808322,3
63.003338,0.5677128,35.348057430144706,-80.68203936032837,0,1,6182.9194,0.21384549,5,1,false,false,15.253267,1.2709093,15.593784,2.6604705,0.30156192,3
63.029457,0.5680027,35.348064280525996,-80.68203143904607,0,1,6190.4116,0.21122248,5,1,false,false,13.676714,1.3899202,15.401318,2.6659224,0.30979759,3
63.054005,0.5682928,35.34807122113075,-80.68202351776375,0,1,6192.94,0.21020256,5,1,false,false,15.707208,1.3270462,16.184067,2.6715293,0.31108487,3
63.082882,0.5685831,35.3480781617355,-80.6820157066065,0,1,6188.4526,0.210348,5,1,false,false,16.301693,1.3314786,19.371574,2.677371,0.32364362,3
63.10567,0.56887347,35.34808519201357,-80.68200789528139,0,1,6192.529,0.21151377,5,1,false,false,14.866448,1.0386021,17.005638,2.6834154,0.31491637,3
63.12946,0.5691639,35.34809222284178,-80.68200008395625,0,1,6201.5815,0.21355374,5,1,false,false,17.284502,1.2871251,19.63865,2.6892896,0.3066549,3
63.151318,0.5694546,35.34809925311985,-80.68199238275619,0,1,6184.7153,0.21413675,5,1,false,false,16.936611,1.1163967,18.865204,2.6947968,0.29189938,3
63.174095,0.5697454,35.34810637362138,-80.68198479151333,0,1,6187.1885,0.21326225,5,1,false,false,15.7660055,0.9745366,18.459146,2.7000096,0.2837934,3
63.19183,0.57003635,35.34811349467305,-80.68197709031327,0,1,6209.3467,0.21122248,5,1,false,false,14.975265,0.86664975,16.39207,2.705042,0.2784876,3
63.21325,0.57032746,35.34812070539804,-80.68196949907039,0,1,6199.952,0.20859922,5,1,false,false,13.368369,1.1549181,14.528912,2.7098174,0.2707933,3
63.236732,0.5706187,35.348127916123026,-80.68196201795259,0,1,6193.5815,0.20655926,5,1,false,false,14.371195,1.1770319,14.754454,2.71427,0.26858997,3
63.260185,0.57091004,35.348135126848014,-80.6819545366669,0,1,6211.535,0.20553932,5,1,false,false,12.795647,1.1848793,13.583282,2.71887,0.28057098,3
63.286133,0.5712017,35.34814242779647,-80.68194705554909,0,1,6223.5312,0.20626804,5,1,false,false,13.262116,1.3642449,14.439203,2.7239122,0.2983683,3
63.31494,0.5714934,35.34814972929506,-80.68193968438847,0,1,6220.389,0.211368,5,1,false,false,14.864402,1.4893893,17.287132,2.729546,0.3185732,3
63.342934,0.57178533,35.34815711991683,-80.68193231322785,0,1,6214.2954,0.21909097,5,1,false,false,15.692394,1.3282481,17.822067,2.7356946,0.3338536,3
63.365784,0.5720775,35.34816451108874,-80.68192494206723,0,1,6219.943,0.22754203,5,1,false,false,16.730963,1.0880028,18.628521,2.742074,0.3336998,3
63.386158,0.57236975,35.348171902260646,-80.68191768086379,0,1,6220.545,0.23643045,5,1,false,false,17.921202,1.057663,19.956686,2.7482638,0.32513824,3
63.406685,0.5726622,35.34817938365602,-80.68191041966035,0,1,6213.931,0.24123858,5,1,false,false,18.037764,0.99253863,19.814629,2.7541394,0.3178358,3
63.42494,0.57295483,35.34818686505139,-80.68190326858199,0,1,6220.6157,0.24182136,5,1,false,false,17.982779,0.86985344,18.118578,2.7597623,0.31084394,3
63.44322,0.5732476,35.34819443612008,-80.68189611733575,0,1,6227.419,0.23759615,5,1,false,false,16.78064,0.92259145,17.051565,2.7651782,0.305766,3
63.46557,0.57354057,35.34820200773891,-80.68188907621456,0,1,6222.793,0.23016503,5,1,false,false,18.176853,1.2919608,18.770569,2.7704337,0.31399024,3
63.487892,0.57383376,35.3482095788076,-80.68188203509338,0,1,6231.877,0.22011088,5,1,false,false,15.578859,0.9547578,15.487827,2.7761915,0.32896626,3
63.50776,0.57412696,35.348217240649895,-80.6818751039294,0,1,6242.632,0.21078496,5,1,false,false,11.91511,1.0314767,10.578573,2.7819393,0.30330047,3
63.53046,0.5744206,35.34822490194204,-80.68186817293328,0,1,6231.861,0.20306173,5,1,false,false,15.626295,1.276224,16.166496,2.7867448,0.27313173,3
63.556225,0.5747143,35.34823256323419,-80.68186124176928,0,1,6225.7285,0.19679612,5,1,false,false,14.972172,1.3053634,15.179707,2.7912796,0.28086975,3
63.581753,0.57500815,35.34824031529995,-80.68185442073036,0,1,6260.574,0.19388105,5,1,false,false,12.648059,1.3704126,15.888363,2.7965574,0.3074452,3
63.608757,0.575302,35.34824806681556,-80.68184759952355,0,1,6264.0317,0.19723307,5,1,false,false,15.425023,1.2601936,17.610825,2.8026066,0.31977126,3
63.636482,0.5755959,35.34825590855463,-80.68184088860968,0,1,6224.0327,0.2043738,5,1,false,false,16.724077,1.4832957,18.626102,2.8086069,0.31025636,3
63.65616,0.5758899,35.3482637502937,-80.68183417752795,0,1,6236.641,0.21195097,5,1,false,false,16.914013,0.7084064,20.139427,2.814269,0.29390118,3
63.6729,0.5761839,35.348271592032766,-80.68182757640339,0,1,6260.41,0.2185082,5,1,false,false,18.039574,1.0615516,19.731974,2.8196309,0.2910212,3
63.69577,0.57647794,35.348279523995295,-80.68182097527884,0,1,6246.6665,0.2211306,5,1,false,false,15.736883,1.123617,18.481726,2.8250635,0.29518443,3
63.71506,0.5767721,35.34828745595783,-80.68181448427936,0,1,6235.91,0.2202564,5,1,false,false,15.09424,0.87613076,16.87827,2.8302908,0.28366092,3
63.731525,0.5770662,35.34829538792036,-80.68180799327986,0,1,6257.5337,0.21617675,5,1,false,false,15.221813,0.8336948,16.332275,2.835197,0.28375402,3
63.750942,0.57736045,35.348303410106354,-80.68180150228038,0,1,6256.737,0.20961924,5,1,false,false,13.852172,1.0906672,13.762741,2.8399372,0.2833757,3
63.77474,0.5776548,35.348311431742204,-80.68179512123807,0,1,6260.199,0.20277058,5,1,false,false,13.115423,1.2961264,14.131037,2.844775,0.2898399,3
63.797005,0.57794917,35.34831945392819,-80.68178885015296,0,1,6271.799,0.19621308,5,1,false,false,13.398599,1.0563256,12.861956,2.8499105,0.3014844,3
63.819977,0.5782436,35.348327566337645,-80.68178246911066,0,1,6268.428,0.19402733,5,1,false,false,12.177622,1.2233516,11.163023,2.8550572,0.28997418,3
63.842968,0.5785382,35.34833558852364,-80.68177619819342,0,1,6262.72,0.19388106,5,1,false,false,13.974862,1.3353474,13.637447,2.8596947,0.27295378,3
63.869244,0.5788328,35.34834379060641,-80.68177003723338,0,1,6270.032,0.1962131,5,1,false,false,14.661628,1.297424,16.730091,2.8643224,0.2858219,3
63.892445,0.57912755,35.34835190301586,-80.68176387627332,0,1,6284.409,0.20029306,5,1,false,false,14.240726,1.2563429,12.961576,2.8696554,0.30905077,3
63.918854,0.57942235,35.34836010509863,-80.68175771514541,0,1,6285.4634,0.20553926,5,1,false,false,16.086502,1.2340206,16.1531,2.8754032,0.3120077,3
63.93913,0.5797172,35.34836830773154,-80.68175166431041,0,1,6256.729,0.21034795,5,1,false,false,15.601389,1.0294728,15.136359,2.8807335,0.2844251,3
63.958347,0.58001214,35.348376509814315,-80.68174561330756,0,1,6269.6,0.21136796,5,1,false,false,15.521128,0.83265394,14.65955,2.8853595,0.26681012,3
63.977497,0.5803072,35.34838480212054,-80.6817395623047,0,1,6290.898,0.20918253,5,1,false,false,15.546763,1.1652278,16.112963,2.889776,0.26904455,3
64.00246,0.5806022,35.34839309497691,-80.6817336214269,0,1,6278.2485,0.20364504,5,1,false,false,14.890877,1.2923362,14.234322,2.8945117,0.28528112,3
64.02624,0.58089745,35.34840138728315,-80.68172779033841,0,1,6283.0146,0.19737878,5,1,false,false,13.963615,1.224589,13.769178,2.8995593,0.29059076,3
64.04766,0.58119273,35.34840976981284,-80.6817219594178,0,1,6292.562,0.19038406,5,1,false,false,14.967554,0.9237531,14.626833,2.9046512,0.28780428,3
64.069664,0.5814881,35.34841815234253,-80.6817161284972,0,1,6287.1226,0.18382607,5,1,false,false,13.871017,1.2473391,12.755319,2.9095082,0.272018,3
64.09353,0.5817835,35.34842653487222,-80.68171040770166,0,1,6288.998,0.1793083,5,1,false,false,13.805775,1.0789058,13.583698,2.914058,0.25744396,3
64.114426,0.582079,35.34843491740191,-80.68170468673823,0,1,6291.7783,0.17741373,5,1,false,false,12.702058,1.1822518,12.390227,2.918212,0.23934752,3
64.14103,0.58237463,35.34844339015506,-80.681699075732,0,1,6294.4375,0.17799705,5,1,false,false,13.433201,1.4313186,15.030111,2.9222522,0.2458856,3
64.16649,0.5826703,35.34845186290821,-80.68169346489364,0,1,6299.2837,0.18222305,5,1,false,false,12.861503,1.2719864,14.997257,2.9267018,0.25984776,3
64.19103,0.58296615,35.348460335661365,-80.68168785405528,0,1,6305.412,0.18761508,5,1,false,false,12.248127,1.106929,12.909714,2.931561,0.26920918,3
64.21092,0.583262,35.348468808414516,-80.68168235317411,0,1,6300.098,0.19388105,5,1,false,false,12.263155,1.0081104,12.58645,2.9361315,0.24940641,3
64.23106,0.5835581,35.348477371391134,-80.68167685229295,0,1,6292.351,0.19839877,5,1,false,false,12.217768,1.0220457,11.217926,2.940006,0.22999327,3
64.25272,0.58385414,35.348485934367744,-80.68167135141178,0,1,6301.441,0.19869062,5,1,false,false,12.898136,1.1529619,11.426376,2.9434483,0.2303181,3
64.276184,0.58415043,35.34849449679422,-80.6816659604878,0,1,6317.247,0.1963585,5,1,false,false,12.454062,1.1870656,12.235689,2.9472685,0.2515844,3
64.30368,0.5844467,35.348503149994286,-80.68166056956382,0,1,6319.859,0.19388106,5,1,false,false,12.9889765,1.4757111,12.663633,2.9517539,0.2820664,3
64.33012,0.5847432,35.3485117129709,-80.6816552887649,0,1,6320.4087,0.19227858,5,1,false,false,14.26616,1.1710123,12.123083,2.9569526,0.30029157,3
64.35333,0.58503973,35.34852036617097,-80.68165000796598,0,1,6315.8853,0.19140409,5,1,false,false,14.593382,1.1924697,12.327131,2.9621131,0.2857236,3
64.37436,0.58533645,35.348529018820905,-80.68164472716707,0,1,6312.84,0.1903841,5,1,false,false,13.708126,0.9780318,13.229803,2.9667313,0.2559701,3
64.39586,0.5856333,35.348537672020974,-80.68163955632534,0,1,6315.22,0.1890723,5,1,false,false,14.0560665,1.1685226,11.174999,2.9707148,0.23715165,3
64.41931,0.58593017,35.348546414894365,-80.68163438548362,0,1,6324.426,0.18703203,5,1,false,false,12.736633,1.1608747,11.825592,2.9745235,0.23438784,3
64.44398,0.5862272,35.3485551583179,-80.68162932459907,0,1,6323.1577,0.18455511,5,1,false,false,13.781961,1.2671995,12.798757,2.9783554,0.23885174,3
64.46925,0.5865244,35.34856390119129,-80.68162426388241,0,1,6331.0386,0.18164033,5,1,false,false,13.762504,1.1710778,13.396776,2.9825974,0.26029253,3
64.493965,0.5868218,35.348572644614826,-80.68161920299787,0,1,6335.0903,0.17945404,5,1,false,false,13.651893,1.1777905,13.327535,2.987263,0.2713795,3
64.5188,0.5871192,35.348581477711676,-80.68161425223839,0,1,6334.271,0.1781425,5,1,false,false,14.475094,1.1828114,13.35851,2.9920447,0.26621157,3
64.54188,0.5874168,35.34859022113521,-80.68160930147891,0,1,6325.6675,0.17624798,5,1,false,false,14.081056,1.0797925,13.733079,2.9965618,0.25412798,3
64.563324,0.5877146,35.34859905423206,-80.68160446067662,0,1,6332.1797,0.17216748,5,1,false,false,13.468562,1.041338,13.574756,3.0007672,0.24155559,3
64.58588,0.5880125,35.34860797755237,-80.68159961987433,0,1,6341.8955,0.16662945,5,1,false,false,12.925794,1.0342107,13.357179,3.004831,0.23615508,3
64.609276,0.5883106,35.348616810649226,-80.68159477907206,0,1,6339.108,0.1594878,5,1,false,false,12.3004265,1.188553,12.646103,3.0087636,0.22667803,3
64.63355,0.58860886,35.34862573451968,-80.68159004839482,0,1,6339.0713,0.1488484,5,1,false,false,11.692282,1.1145504,13.695036,3.0125482,0.22070134,3
64.65711,0.58890724,35.34863465783999,-80.68158531754973,0,1,6346.0493,0.13747998,5,1,false,false,11.781512,1.1408831,12.45508,3.016223,0.21440442,3
64.68279,0.5892059,35.3486435811603,-80.68158069682968,0,1,6349.6167,0.12494469,5,1,false,false,10.56966,1.2599566,13.253007,3.0198374,0.20620438,3
64.71013,0.58950466,35.34865250448061,-80.68157607610965,0,1,6348.143,0.11270057,5,1,false,false,10.010313,1.2711031,14.26089,3.0233793,0.19629365,3
64.73425,0.58980364,35.34866142780093,-80.68157145538962,0,1,6351.7104,0.10133042,5,1,false,false,8.622796,1.043753,11.229351,3.026782,0.17692962,3
64.75839,0.59010285,35.3486704413447,-80.68156683466958,0,1,6351.625,0.09054276,5,1,false,false,8.788881,1.1486406,12.683115,3.0297103,0.15569185,3
64.78147,0.59040225,35.34867945488847,-80.68156232390673,0,1,6344.513,0.08092135,5,1,false,false,7.35606,1.1352725,13.25625,3.0321133,0.13183814,3
64.80787,0.5907018,35.348688378208784,-80.68155781314388,0,1,6353.688,0.07421503,5,1,false,false,6.473505,1.2380476,12.549624,3.034246,0.120420896,3
64.831215,0.59100115,35.34869739175255,-80.6815533025489,0,1,6366.1934,0.06867502,5,1,false,false,5.3555164,1.1088527,10.788025,3.0362964,0.110767506,3
64.85626,0.5913006,35.348706495519785,-80.68154890174326,0,1,6357.814,0.06459309,5,1,false,false,5.0996456,1.161922,10.785404,3.0381725,0.103665486,3
64.87828,0.59160024,35.34871550906356,-80.6815443909804,0,1,6357.4854,0.062697746,5,1,false,false,6.3040524,1.055836,9.969723,3.0397613,0.09536609,3
64.904175,0.5918999,35.348724522607334,-80.68153999034261,0,1,6368.6587,0.062552266,5,1,false,false,3.9712112,1.1933658,12.190124,3.0412679,0.09348781,3
64.93167,0.59219974,35.34873362637457,-80.68153558970484,0,1,6371.5312,0.06444733,5,1,false,false,4.0561624,1.3100615,12.326187,3.042906,0.09526935,3
64.96193,0.59249973,35.34874263991834,-80.68153129902423,0,1,6381.3096,0.065467864,5,1,false,false,4.7516804,1.4322743,12.995828,3.044921,0.10508944,3
64.98901,0.59279984,35.34875174368557,-80.68152689821858,0,1,6373.892,0.06386405,5,1,false,false,4.054583,1.2562606,15.626001,3.0471814,0.108774066,3
65.01322,0.59310013,35.3487608474528,-80.68152249758079,0,1,6368.5356,0.05963636,5,1,false,false,3.5319276,0.9864987,15.427357,3.0493975,0.10059938,3
65.03501,0.5934005,35.348769951220035,-80.6815182069002,0,1,6379.4004,0.05220069,5,1,false,false,3.7797847,0.9644686,15.590476,3.0513704,0.091719314,3
65.05471,0.593701,35.34877905443713,-80.6815139162196,0,1,6377.074,0.040682264,5,1,false,false,2.9089713,0.9019081,14.029869,3.0530565,0.07893928,3
65.07723,0.5940016,35.348788158204364,-80.68150962553901,0,1,6370.967,0.025955303,5,1,false,false,2.0173013,0.9953563,13.735926,3.05435,0.06302643,3
65.09704,0.5943023,35.34879735219506,-80.6815053348584,0,1,6381.1904,0.007144992,5,1,false,false,1.7946756,0.9142934,11.936267,3.0552464,0.04368584,3
65.11817,0.5946031,35.34880645596229,-80.68150115413499,0,1,6388.7104,-0.010791358,5,1,false,false,-0.27028513,0.9804976,10.540754,3.0557287,0.020837408,3
65.1416,0.59490407,35.34881555972952,-80.6814968634544,0,1,6388.036,-0.024062488,5,1,false,false,-1.2771505,1.2525961,9.31653,3.0558298,0.0016276481,3
65.1675,0.59520507,35.34882475317007,-80.6814925727738,0,1,6393.315,-0.032229725,5,1,false,false,-1.5667284,1.2225704,9.536894,3.0556955,-0.013339849,3
65.19222,0.5955062,35.348833856937304,-80.6814883920504,0,1,6402.0327,-0.03631307,5,1,false,false,-3.0735242,1.1972533,8.053641,3.055414,-0.029627418,3
65.21875,0.5958075,35.348843050928,-80.6814841013698,0,1,6403.916,-0.035146482,5,1,false,false,-3.4538224,1.3530091,10.497608,3.054954,-0.040947754,3
65.24632,0.5961089,35.34885215469523,-80.6814798106892,0,1,6400.1816,-0.030479565,5,1,false,false,-3.963406,1.3556347,12.164708,3.0543895,-0.048061337,3
65.27219,0.59641045,35.348861348135785,-80.6814755200086,0,1,6403.342,-0.022895897,5,1,false,false,-4.221198,1.1988374,11.905202,3.0538597,-0.04841151,3
65.29669,0.59671205,35.34887054212648,-80.6814713392852,0,1,6406.607,-0.014437151,5,1,false,false,-4.1241636,1.1698992,13.845499,3.0534482,-0.039730083,3
65.31953,0.59701383,35.34887964589371,-80.6814670486046,0,1,6400.098,-0.0062704757,5,1,false,false,-4.011463,1.0610671,13.814022,3.053192,-0.027735688,3
65.34035,0.5973157,35.34888883933426,-80.68146275792401,0,1,6400.327,0.0014580933,5,1,false,false,-3.9321606,0.9333228,12.745383,3.0530322,-0.016513893,3
65.35953,0.5976176,35.34889803332495,-80.68145846724342,0,1,6406.9863,0.008020078,5,1,false,false,-3.19181,0.9700815,12.106394,3.0529532,-0.0015500665,3
65.380585,0.59791964,35.34890713709218,-80.68145417656281,0,1,6405.815,0.01151984,5,1,false,false,-3.6740398,1.0636804,11.89775,3.0530179,0.010633346,3
65.40309,0.5982217,35.34891633108288,-80.68144988588222,0,1,6408.211,0.010936263,5,1,false,false,-2.3374195,1.1582084,10.444445,3.053228,0.017275328,3
65.42487,0.59852386,35.34892552452343,-80.68144559520162,0,1,6417.561,0.006561419,5,1,false,false,-2.4539537,1.0511667,9.427986,3.0535653,0.01842766,3
65.44832,0.59882617,35.34893471851412,-80.68144130452103,0,1,6416.329,-0.0013126228,5,1,false,false,-2.4383006,1.256852,11.130537,3.0538857,0.013999073,3
65.47463,0.59912854,35.348943912504815,-80.68143701384042,0,1,6418.2363,-0.012395486,5,1,false,false,-2.2034647,1.2905359,12.849475,3.054172,0.00392398,3
65.49702,0.599431,35.34895310594537,-80.68143272315983,0,1,6427.6753,-0.025229072,5,1,false,false,-2.8309476,1.0719239,10.803667,3.0544083,-0.008879827,3
65.51817,0.59973353,35.34896229993606,-80.68142843247924,0,1,6425.9136,-0.035146475,5,1,false,false,-2.9892066,0.9931226,11.191956,3.054382,-0.022988675,3
65.53831,0.6000361,35.348971493926754,-80.68142414179864,0,1,6413.834,-0.041271478,5,1,false,false,-3.5224245,1.0993418,11.463407,3.0539882,-0.034010354,3
65.55764,0.60033876,35.34898068736731,-80.68141985111804,0,1,6420.965,-0.043896735,5,1,false,false,-4.479349,0.96345574,11.070887,3.0533254,-0.04313114,3
65.57845,0.60064155,35.348989881358,-80.68141556043744,0,1,6434.6226,-0.042292587,5,1,false,false,-4.0912275,1.1490636,11.530416,3.0525398,-0.04886678,3
65.60129,0.60094434,35.348999075348694,-80.68141126975685,0,1,6435.2744,-0.037042107,5,1,false,false,-4.6623244,1.2289231,10.839405,3.0517633,-0.054661833,3
65.624054,0.6012472,35.34900826878924,-80.68140686895119,0,1,6433.995,-0.028874874,5,1,false,false,-4.9475584,1.0630991,10.515718,3.0509975,-0.056005772,3
65.64199,0.60155016,35.34901746277994,-80.68140257827059,0,1,6438.51,-0.0170624,5,1,false,false,-4.104641,0.8216333,9.134396,3.0502272,-0.047617696,3
65.66046,0.60185325,35.34902665677063,-80.68139828759,0,1,6438.234,-0.007729137,5,1,false,false,-4.2236276,1.0856524,10.001811,3.0495477,-0.03173765,3
65.682,0.60215634,35.349035850761325,-80.68139388695221,0,1,6438.3955,0.0026246808,5,1,false,false,-3.9601276,1.1306782,10.125576,3.0490372,-0.02032124,3
65.704315,0.6024595,35.34904504420188,-80.68138959627161,0,1,6448.497,0.00889516,5,1,false,false,-3.42859,1.2504196,9.888967,3.0487862,-0.010101756,3
65.729225,0.60276276,35.34905423819257,-80.68138519546595,0,1,6456.843,0.010936264,5,1,false,false,-3.4787626,1.2886264,13.520987,3.0488389,-0.0011224727,3
65.751755,0.603066,35.349063432183264,-80.68138079482817,0,1,6448.034,0.009186665,5,1,false,false,-2.2135165,1.0948255,10.944403,3.049151,0.0067213406,3
65.77149,0.6033695,35.34907271584728,-80.68137650414758,0,1,6448.3857,0.0055408664,5,1,false,false,-2.517102,0.9117539,10.705565,3.0495274,0.0103242,3
65.78773,0.6036729,35.34908190983797,-80.68137210350979,0,1,6444.0127,0.0013126219,5,1,false,false,-1.8231163,0.813956,12.950152,3.0497088,0.008484725,3
65.80661,0.6039764,35.34909110327852,-80.6813678128292,0,1,6446.869,-0.004812385,5,1,false,false,-1.6244221,1.0958992,11.088327,3.0497952,0.0078604715,3
65.825584,0.60428005,35.34910029726921,-80.68136341202353,0,1,6459.275,-0.010645886,5,1,false,false,-2.573754,0.9543679,9.789988,3.0498784,0.0013386677,3
65.84351,0.60458374,35.34910958148337,-80.68135901138575,0,1,6456.4185,-0.014437154,5,1,false,false,-2.4718847,0.9951394,8.385854,3.0497758,-0.009034371,3
65.8617,0.6048874,35.349118774923916,-80.68135472070514,0,1,6455.8984,-0.017645411,5,1,false,false,-2.120001,1.0099704,7.998768,3.0494883,-0.013713294,3
65.88178,0.6051913,35.34912796891461,-80.6813503198995,0,1,6466.82,-0.019979153,5,1,false,false,-2.9937792,1.0726807,8.9127245,3.049077,-0.022605913,3
65.90333,0.60549515,35.34913725312877,-80.6813459192617,0,1,6473.568,-0.020124614,5,1,false,false,-3.281177,1.2289283,8.793951,3.0486252,-0.029154574,3
65.927376,0.60579914,35.349146446569314,-80.68134151862392,0,1,6476.9336,-0.019395573,5,1,false,false,-3.3893375,1.2078989,10.462178,3.0481925,-0.03492544,3
65.94786,0.60610324,35.349155640560014,-80.68133711781826,0,1,6475.163,-0.017936919,5,1,false,false,-3.7997758,1.0167221,9.623523,3.0477357,-0.03686649,3
65.96557,0.60640734,35.34916492422402,-80.68133271718048,0,1,6474.6475,-0.01618731,5,1,false,false,-3.6505013,0.9132803,10.025309,3.047251,-0.03130968,3
65.98267,0.6067115,35.34917411821471,-80.68132831637482,0,1,6473.113,-0.014437152,5,1,false,false,-3.7131352,0.9278088,10.200181,3.0467596,-0.02394654,3
66.001114,0.6070158,35.34918340242887,-80.68132391573704,0,1,6474.78,-0.013124531,5,1,false,false,-3.0766888,1.0234722,9.101311,3.0463045,-0.018655647,3
66.02104,0.60732,35.34919259586942,-80.68131951509925,0,1,6482.9565,-0.011228897,5,1,false,false,-3.0137644,1.0271139,9.589566,3.045922,-0.018074349,3
66.04072,0.6076244,35.34920188008358,-80.68131511429358,0,1,6487.448,-0.009479298,5,1,false,false,-3.0657597,1.0668846,8.536084,3.0455747,-0.01868391,3
66.06219,0.6079289,35.349211073524124,-80.6813107136558,0,1,6487.721,-0.006708582,5,1,false,false,-2.4010396,1.1375358,10.017954,3.045258,-0.016844405,3
66.0825,0.6082334,35.34922035773828,-80.68130620289296,0,1,6489.0405,-0.0043748426,5,1,false,false,-2.5240514,1.0615312,9.107106,3.0449998,-0.015047646,3
66.10192,0.608538,35.349229551728975,-80.68130180225516,0,1,6490.1313,-0.0010211158,5,1,false,false,-2.8328104,0.9561107,7.888157,3.0447865,-0.011872993,3
66.11936,0.6088427,35.34923883539298,-80.68129740144951,0,1,6489.382,0.0016035645,5,1,false,false,-1.6754076,0.9817755,8.283454,3.0446153,-0.0012555998,3
66.139885,0.6091473,35.34924802938368,-80.68129289068666,0,1,6490.32,0.0037918321,5,1,false,false,-2.0511212,1.1978844,9.46299,3.0445652,0.0058333096,3
66.16123,0.6094521,35.34925731304769,-80.68128849004887,0,1,6496.7583,0.005978972,5,1,false,false,-2.2535422,1.1324265,7.7021255,3.0446053,0.005415403,3
66.181564,0.60975695,35.34926650703839,-80.68128397928604,0,1,6503.7563,0.006853489,5,1,false,false,-0.8579168,1.0736544,7.423584,3.0447087,0.009544142,3
66.20281,0.6100619,35.34927579125254,-80.68127957864824,0,1,6496.91,0.007874606,5,1,false,false,-0.91906214,1.1374266,8.828051,3.0448644,0.012445804,3
66.22356,0.61036694,35.34928507491655,-80.6812750678854,0,1,6490.0186,0.008895159,5,1,false,false,-0.9862372,1.0359074,7.8754463,3.0449827,0.011297301,3
66.24274,0.610672,35.349294268907244,-80.68127066724762,0,1,6503.1147,0.010061746,5,1,false,false,-0.10007596,1.0598719,8.280585,3.0450675,0.011670152,3
66.26429,0.61097723,35.34930355257126,-80.68126615648477,0,1,6508.343,0.011811345,5,1,false,false,-0.4237336,1.1959434,8.886533,3.0452235,0.013126169,3
66.28764,0.6112824,35.34931283678541,-80.68126175584698,0,1,6501.2886,0.015019038,5,1,false,false,-0.2931217,1.2304975,9.119818,3.0454187,0.011027402,3
66.309166,0.61158776,35.3493220307761,-80.68125724508413,0,1,6508.3936,0.019685388,5,1,false,false,0.06582832,1.0255345,10.224258,3.0456676,0.013968699,3
66.32988,0.6118932,35.349331314440114,-80.68125284427848,0,1,6509.0605,0.024205703,5,1,false,false,-0.2681545,1.1045835,11.1852045,3.0460172,0.020166146,3
66.35099,0.61219865,35.349340598654265,-80.6812483336835,0,1,6503.749,0.028726017,5,1,false,false,0.081820846,1.0337447,11.878587,3.0464802,0.026920836,3
66.36841,0.6125043,35.34934988231828,-80.68124393287783,0,1,6508.0933,0.03397481,5,1,false,false,0.34655392,0.77085674,10.542524,3.0470476,0.033371754,3
66.383224,0.6128099,35.34935916653243,-80.68123942211498,0,1,6510.4473,0.038640607,5,1,false,false,0.7436651,0.77663124,9.707023,3.0476584,0.038917333,3
66.40014,0.61311555,35.349368450196444,-80.6812350214772,0,1,6506.1035,0.041556787,5,1,false,false,1.1443839,0.9408299,10.292851,3.0482602,0.043801833,3
66.418465,0.61342126,35.349377734410595,-80.68123062083941,0,1,6512.1294,0.043452416,5,1,false,false,1.5012476,0.9074669,8.305061,3.048951,0.04986624,3
66.43623,0.61372715,35.34938701807461,-80.68122611007657,0,1,6525.681,0.043889955,5,1,false,false,1.1803617,1.0173707,8.109608,3.0497441,0.05319168,3
66.45801,0.61403304,35.349396392512226,-80.68122170943879,0,1,6526.093,0.044181474,5,1,false,false,1.9388983,1.214457,9.967441,3.0506287,0.057278976,3
66.481285,0.61433905,35.34940567617624,-80.68121730863312,0,1,6524.127,0.04563956,5,1,false,false,1.871654,1.1166284,8.892305,3.0516558,0.06271611,3
66.50075,0.6146451,35.34941496039039,-80.68121290799535,0,1,6530.8496,0.04870121,5,1,false,false,2.3894587,0.95050323,8.826585,3.0527925,0.064004734,3
66.52117,0.61495125,35.34942433427786,-80.68120850718968,0,1,6524.9556,0.052346453,5,1,false,false,3.4965663,1.0698724,12.100804,3.0539153,0.06663622,3
66.54051,0.61525756,35.34943361794188,-80.6812041065519,0,1,6519.187,0.05876156,5,1,false,false,4.0181465,0.99667674,10.475556,3.0550597,0.06889704,3
66.55853,0.61556387,35.34944299237949,-80.68119970591411,0,1,6533.611,0.067217484,5,1,false,false,4.062483,0.8839396,11.7574215,3.0562935,0.07496457,3
66.5772,0.6158703,35.3494522760435,-80.68119541506564,0,1,6531.1357,0.07713093,5,1,false,false,4.786245,0.97116077,14.059025,3.0576565,0.08492438,3
66.595764,0.6161768,35.34946165048112,-80.68119101442785,0,1,6524.2944,0.085294776,5,1,false,false,4.9745145,0.86543787,11.062626,3.0592377,0.09761507,3
66.61196,0.6164834,35.34947102436858,-80.68118672374726,0,1,6534.643,0.09316685,5,1,false,false,5.041023,0.7094676,11.829636,3.0610375,0.11056513,3
66.62686,0.61679,35.349480398256055,-80.68118243306667,0,1,6534.6323,0.09928905,5,1,false,false,6.191079,0.8579196,12.075707,3.0629642,0.1187409,3
66.64551,0.6170968,35.34948977269367,-80.68117814238607,0,1,6534.1772,0.10278795,5,1,false,false,6.95313,0.97515434,12.769529,3.065047,0.13019262,3
66.66232,0.6174036,35.349499146581145,-80.68117385170547,0,1,6542.1504,0.10424579,5,1,false,false,6.5774937,0.80912524,11.068138,3.067355,0.13883862,3
66.680435,0.61771053,35.34950852046862,-80.68116956102487,0,1,6543.421,0.104537286,5,1,false,false,7.911705,0.921341,12.888927,3.0697885,0.14652643,3
66.69594,0.61801755,35.349517894906235,-80.68116538030147,0,1,6538.9277,0.10468302,5,1,false,false,8.031005,0.75220305,11.502197,3.0723324,0.14903171,3
66.71065,0.61832464,35.349527359017166,-80.68116119974593,0,1,6542.414,0.10599508,5,1,false,false,8.139153,0.6659625,10.704218,3.0748427,0.14611484,3
66.722275,0.6186318,35.34953673290464,-80.68115701902252,0,1,6545.275,0.11065946,5,1,false,false,7.9098864,0.6249704,8.60645,3.0771668,0.13508779,3
66.73595,0.618939,35.349546197565715,-80.68115283829911,0,1,6545.288,0.12042603,5,1,false,false,7.2943497,0.76584655,7.695421,3.0792518,0.12668332,3
66.75236,0.6192463,35.34955557145318,-80.6811486575757,0,1,6549.996,0.13223232,5,1,false,false,8.606721,0.95961523,8.692127,3.081284,0.1364704,3
66.76945,0.61955374,35.34956503556412,-80.68114458697737,0,1,6560.333,0.15074323,5,1,false,false,8.277616,0.8968762,6.7685385,3.083691,0.16224593,3
66.78668,0.61986125,35.34957449967505,-80.68114051637902,0,1,6568.8877,0.1688155,5,1,false,false,9.139353,0.9516749,7.450877,3.0866034,0.19106112,3
66.806854,0.6201688,35.34958396433613,-80.68113644578068,0,1,6567.4062,0.18630329,5,1,false,false,11.018809,1.059175,9.920668,3.0900095,0.21874402,3
66.82675,0.6204764,35.34959342844706,-80.68113248513951,0,1,6560.933,0.201313,5,1,false,false,13.443261,1.0067728,11.328,3.0939734,0.25439194,3
66.844826,0.62078416,35.34960298278145,-80.68112852449836,0,1,6570.115,0.21063922,5,1,false,false,15.450161,0.9383835,13.523392,3.0985804,0.2878679,3
66.85962,0.6210921,35.34961244689238,-80.68112456385721,0,1,6567.9014,0.21326225,5,1,false,false,16.420055,0.6738604,14.221251,3.1037054,0.30770338,3
66.871704,0.6214,35.34962200122678,-80.68112071317324,0,1,6560.4727,0.20801626,5,1,false,false,17.602188,0.663062,14.224291,3.108846,0.2946423,3
66.88077,0.621708,35.34963155556117,-80.68111686248928,0,1,6562.213,0.19606735,5,1,false,false,18.339256,0.41146392,14.321548,3.113623,0.27014634,3
66.890366,0.62201613,35.349641109895565,-80.68111301197318,0,1,6563.3403,0.16998123,5,1,false,false,16.886103,0.66766155,11.734671,3.1178746,0.24254231,3
66.90227,0.6223242,35.349650664229955,-80.68110938137146,0,1,6567.789,0.13427286,5,1,false,false,15.138906,0.7366998,10.793603,3.121669,0.21529192,3
66.91802,0.62263244,35.34966030878781,-80.68110564081256,0,1,6567.602,0.10016383,5,1,false,false,13.760045,0.9462899,10.9312,3.1250358,0.19464122,3
66.93543,0.62294066,35.3496698631222,-80.68110201021084,0,1,6570.594,0.059782118,5,1,false,false,10.426107,0.94455093,9.050804,3.1280935,0.16990258,3
66.95157,0.6232491,35.34967950768006,-80.68109837960913,0,1,6576.4717,0.025809828,5,1,false,false,8.348894,0.8299653,7.3871975,3.1306274,0.129076,3
66.96787,0.62355757,35.34968915223791,-80.6810948589646,0,1,6571.24,0.0048123808,5,1,false,false,6.9586983,1.0010574,8.756538,3.1323202,0.07766961,3
66.98614,0.6238661,35.349698706572305,-80.68109133848795,0,1,6567.622,-0.0068540536,5,1,false,false,5.2543035,1.0091124,7.686514,3.1332152,0.03737061,3
67.00629,0.62417465,35.349708351130154,-80.68108770788622,0,1,6578.7607,-0.0020416677,5,1,false,false,4.8335094,1.0714552,8.944254,3.1335788,0.0143092545,3
67.02573,0.62448335,35.34971799568801,-80.68108418740957,0,1,6582.892,0.017644284,5,1,false,false,4.341731,1.0215868,10.983341,3.1337497,0.008069075,3
67.0469,0.62479216,35.34972763969572,-80.68108066676504,0,1,6575.44,0.039515685,5,1,false,false,4.2728195,1.0847793,11.442091,3.134009,0.019531809,3
67.06446,0.62510103,35.34973737447704,-80.68107725624559,0,1,6575.7036,0.07202846,5,1,false,false,4.542677,0.68616813,11.035496,3.1345556,0.041125182,3
67.07973,0.62541,35.349747019034886,-80.68107373560106,0,1,6576.8623,0.102496475,5,1,false,false,5.970977,0.88980055,13.162424,3.1355498,0.075744346,3
67.096436,0.6257191,35.34975666359274,-80.6810702151244,0,1,6576.6304,0.12057178,5,1,false,false,6.584158,0.80904317,14.468459,3.1372027,0.11722923,3
67.111244,0.6260282,35.34976630815059,-80.68106680460494,0,1,6580.1064,0.13631396,5,1,false,false,7.138637,0.7375838,11.914182,3.139521,0.15174869,3
67.123215,0.6263373,35.34977604293191,-80.6810633939176,0,1,6585.0415,0.1380624,5,1,false,false,8.229108,0.57338715,12.468185,-3.140883,0.17295785,3
67.136856,0.6266465,35.34978568693962,-80.68105998339813,0,1,6579.0425,0.12990056,5,1,false,false,8.768661,0.65052897,11.929907,-3.137878,0.18203521,3
67.14864,0.62695587,35.349795421720934,-80.68105668300373,0,1,6582.6895,0.10803589,5,1,false,false,8.276414,0.6273192,9.974473,-3.1348987,0.17328365,3
67.16259,0.62726516,35.34980515650225,-80.68105327231639,0,1,6591.147,0.08267067,5,1,false,false,8.268947,0.67746145,11.515458,-3.1321476,0.15753303,3
67.17843,0.62757456,35.349814891283565,-80.681049971922,0,1,6589.0483,0.04753491,5,1,false,false,7.19129,0.9025602,9.02364,-3.129732,0.13322173,3
67.19595,0.627884,35.349824625514735,-80.68104667135971,0,1,6594.6943,0.018518798,5,1,false,false,5.6031485,0.8921934,9.440248,-3.1277509,0.10158853,3
67.21181,0.62819356,35.34983436029605,-80.68104337079744,0,1,6595.534,-0.010937393,5,1,false,false,4.4700675,0.8383421,8.451606,-3.126382,0.06098222,3
67.22953,0.62850314,35.349844095077366,-80.68104018036023,0,1,6589.599,-0.028874867,5,1,false,false,3.1811087,0.9790345,9.636209,-3.1257207,0.019873071,3
67.24746,0.6288129,35.349853829308536,-80.68103687979794,0,1,6594.1177,-0.039521318,5,1,false,false,2.4790463,0.8130908,9.889688,-3.1256833,-0.012203114,3
67.263954,0.6291227,35.34986356408985,-80.68103368919286,0,1,6599.9106,-0.039958857,5,1,false,false,0.27059227,0.9129444,9.157481,-3.1261034,-0.037810564,3
67.28119,0.62943256,35.34987329887117,-80.68103038879846,0,1,6596.5376,-0.030479556,5,1,false,false,-0.15610635,0.8762295,11.158159,-3.126831,-0.049001712,3
67.297745,0.6297425,35.349883033652475,-80.68102719819338,0,1,6595.684,-0.013270566,5,1,false,false,-0.74816656,0.87320405,10.572065,-3.127653,-0.04783595,3
67.31372,0.63005257,35.34989285810711,-80.68102400758829,0,1,6606.3003,0.004812384,5,1,false,false,-1.1743469,0.7467191,10.609958,-3.1283295,-0.03520781,3
67.329185,0.6303627,35.34990259288843,-80.68102070719388,0,1,6603.591,0.027267927,5,1,false,false,-0.63875073,0.7272359,10.199822,-3.1287246,-0.013184082,3
67.34484,0.63067293,35.349912327669735,-80.6810175165888,0,1,6596.3926,0.04622258,5,1,false,false,-0.40510035,0.8816231,11.070969,-3.1287012,0.015369566,3
67.359764,0.6309832,35.34992206190091,-80.6810142161944,0,1,6603.12,0.059927855,5,1,false,false,0.36434877,0.7067133,10.264792,-3.1282494,0.040048897,3
67.37465,0.6312935,35.349931886905686,-80.68101102558931,0,1,6609.525,0.066634186,5,1,false,false,1.4535396,0.8024022,9.457784,-3.1273746,0.063773535,3
67.390335,0.63160396,35.349941621687,-80.68100783498421,0,1,6607.143,0.066050895,5,1,false,false,2.2783146,0.84798086,10.386175,-3.126162,0.08013374,3
67.40596,0.63191444,35.34995144614163,-80.68100453458982,0,1,6606.279,0.05744893,5,1,false,false,2.0313253,0.7462332,9.1489105,-3.1247797,0.08444712,3
67.420105,0.63222504,35.349961180922946,-80.68100134398473,0,1,6612.092,0.040973775,5,1,false,false,2.5476162,0.72340214,8.814943,-3.1233976,0.08080441,3
67.43551,0.6325357,35.349971005377576,-80.6809981537154,0,1,6613.2524,0.0224561,5,1,false,false,2.3705215,0.8765104,9.715745,-3.1221974,0.065477334,3
67.45302,0.6328464,35.34998074015889,-80.68099496311031,0,1,6612.183,-0.0014580935,5,1,false,false,1.726358,0.9410634,9.608384,-3.1212883,0.044902038,3
67.46983,0.63315725,35.349990565163665,-80.68099177250522,0,1,6618.9185,-0.02085423,5,1,false,false,0.71817875,0.7695676,8.762366,-3.1207564,0.017613407,3
67.48517,0.6334681,35.350000389618295,-80.68098858190012,0,1,6620.138,-0.04054187,5,1,false,false,-0.013622463,0.810742,8.849821,-3.1206865,-0.010482418,3
67.50054,0.63377905,35.35001012439961,-80.68098539163078,0,1,6615.8496,-0.053231113,5,1,false,false,-1.0254292,0.79101783,8.725269,-3.12112,-0.03739039,3
67.516365,0.6340901,35.350019949404384,-80.6809822010257,0,1,6617.815,-0.05731503,5,1,false,false,-2.0127478,0.8464023,9.137704,-3.121965,-0.05814984,3
67.53402,0.63440126,35.35002977385902,-80.68097901042061,0,1,6625.4014,-0.05337716,5,1,false,false,-3.012022,0.9414918,10.559144,-3.1230836,-0.07264698,3
67.55265,0.63471246,35.350039598863795,-80.68097581981553,0,1,6627.8027,-0.04404275,5,1,false,false,-3.3301532,0.92559195,10.668543,-3.124344,-0.080671564,3
67.56921,0.6350238,35.350049333094965,-80.68097262954619,0,1,6628.1997,-0.02639566,5,1,false,false,-3.7993345,0.76225996,10.523658,-3.125591,-0.07524615,3
67.583336,0.63533515,35.35005915809974,-80.6809694389411,0,1,6624.4604,-0.007874606,5,1,false,false,-3.4490318,0.631172,10.917595,-3.1266341,-0.055492677,3
67.59541,0.63564664,35.350068983104514,-80.6809661385467,0,1,6623.427,0.011957379,5,1,false,false,-3.036986,0.66514766,10.969699,-3.1273415,-0.029520277,3
67.6094,0.63595814,35.35007880755915,-80.68096294794161,0,1,6627.3403,0.036454026,5,1,false,false,-1.8762802,0.72308964,11.149595,-3.127609,-0.0010287463,3
67.623764,0.63626975,35.35008854234046,-80.68095975733652,0,1,6630.281,0.05322125,5,1,false,false,-0.78019524,0.769182,10.171924,-3.1273897,0.028840458,3
67.638664,0.6365814,35.350098366795095,-80.68095645694213,0,1,6632.702,0.06721748,5,1,false,false,0.6157177,0.70695007,9.704176,-3.1266742,0.055015102,3
67.65236,0.6368932,35.35010819179987,-80.68095326633704,0,1,6633.4634,0.07261118,5,1,false,false,1.4493562,0.70020705,9.489508,-3.125564,0.076296315,3
67.66586,0.63720495,35.35011801680464,-80.68095007573196,0,1,6633.6387,0.07071611,5,1,false,false,2.028786,0.6620533,8.586032,-3.1242077,0.08665762,3
67.679306,0.6375168,35.35012784125927,-80.68094677533755,0,1,6637.153,0.06167747,5,1,false,false,3.091681,0.7421673,8.674696,-3.1227338,0.092898615,3
67.69431,0.63782877,35.35013766626405,-80.68094358473246,0,1,6639.9424,0.048264246,5,1,false,false,3.0829577,0.8125043,8.804243,-3.1212606,0.08702447,3
67.71014,0.6381408,35.35014749071868,-80.68094039446312,0,1,6642.7915,0.029892609,5,1,false,false,3.1727595,0.83388054,8.082493,-3.1199362,0.07437906,3
67.72669,0.6384529,35.35015731572346,-80.68093720385804,0,1,6645.855,0.011374366,5,1,false,false,2.9112911,0.83966714,9.4330845,-3.118853,0.0571758,3
67.74275,0.6387651,35.35016714017809,-80.68093401325295,0,1,6644.815,-0.0021877042,5,1,false,false,2.0282683,0.8561603,9.201215,-3.1180775,0.03537775,3
67.76021,0.6390773,35.35017696518286,-80.68093093277292,0,1,6644.8643,-0.01385358,5,1,false,false,1.8474636,0.82935274,10.202513,-3.1176653,0.014034997,3
67.77518,0.6393897,35.350186879860956,-80.68092774216784,0,1,6646.562,-0.020270653,5,1,false,false,0.6316383,0.72991425,9.109956,-3.1175911,-0.0064278287,3
67.791405,0.6397021,35.35019670486573,-80.6809245518985,0,1,6646.899,-0.021145737,5,1,false,false,0.05284679,0.8295412,11.212485,-3.1178143,-0.020242466,3
67.80595,0.6400146,35.35020652932036,-80.68092147141847,0,1,6647.4995,-0.017936919,5,1,false,false,-0.5848001,0.7377102,9.950676,-3.1182182,-0.027849624,3
67.82125,0.64032716,35.3502164445486,-80.68091828081339,0,1,6649.9727,-0.013124529,5,1,false,false,-1.3142978,0.75945103,10.636674,-3.1186862,-0.028881326,3
67.83552,0.6406398,35.35022626900323,-80.6809150902083,0,1,6651.0493,-0.0071455576,5,1,false,false,-1.0412264,0.711215,10.106563,-3.1191344,-0.024703832,3
67.85098,0.64095247,35.350236094008004,-80.68091200972827,0,1,6650.9697,-0.0010211158,5,1,false,false,-1.5628417,0.7901249,10.876359,-3.119466,-0.017167313,3
67.86567,0.6412652,35.3502460086861,-80.68090881912319,0,1,6653.6636,0.0036452338,5,1,false,false,-1.713445,0.6835491,10.8074465,-3.1196814,-0.011426167,3
67.879326,0.641578,35.35025583369087,-80.68090562885385,0,1,6655.6206,0.0059789727,5,1,false,false,-1.4021131,0.64683414,9.919587,-3.1197867,-0.0036570209,3
67.89242,0.64189094,35.3502656581455,-80.68090243824876,0,1,6654.7783,0.00510389,5,1,false,false,-1.2618383,0.6375871,10.109906,-3.1197708,0.004032525,3
67.90531,0.6422039,35.35027557337374,-80.68089924764368,0,1,6654.6074,0.0016035642,5,1,false,false,-1.3449302,0.6608552,9.426684,-3.1196964,0.0058806315,3
67.91917,0.6425169,35.350285398103445,-80.68089616716365,0,1,6658.602,-0.0033542914,5,1,false,false,-0.97069883,0.6948281,9.341812,-3.1196384,0.003538098,3
67.933495,0.64283,35.350295313056606,-80.68089297655857,0,1,6662.3076,-0.010353817,5,1,false,false,-1.3133795,0.77223396,9.137238,-3.1196508,-0.0028084987,3
67.949326,0.6431432,35.350305137786314,-80.68088978628923,0,1,6663.3076,-0.016187318,5,1,false,false,-1.2142874,0.7965231,9.543942,-3.119761,-0.009985237,3
67.96431,0.6434564,35.3503150524644,-80.68088659568413,0,1,6665.7407,-0.023041366,5,1,false,false,-1.3655577,0.7196386,9.403246,-3.1199777,-0.017520156,3
67.9787,0.64376974,35.35032487746918,-80.68088340507904,0,1,6666.8374,-0.026979232,5,1,false,false,-2.2808793,0.73917854,9.8634205,-3.1203394,-0.027634295,3
67.99463,0.6440831,35.35033479214727,-80.6808802148097,0,1,6666.067,-0.02902091,5,1,false,false,-2.242422,0.82538795,11.623463,-3.12086,-0.03524383,3
68.010254,0.64439654,35.35034470710043,-80.68087702420462,0,1,6669.4595,-0.029312417,5,1,false,false,-2.6987977,0.7079607,10.850741,-3.1214368,-0.039492767,3
68.02308,0.6447101,35.350354531830135,-80.68087383359953,0,1,6671.454,-0.0265417,5,1,false,false,-3.2428799,0.58374393,9.894141,-3.1220942,-0.044226408,3
68.03455,0.64502364,35.3503644467833,-80.68087064299445,0,1,6665.973,-0.023187404,5,1,false,false,-2.9766004,0.5439189,10.250415,-3.1228087,-0.040698443,3
68.04599,0.6453373,35.350374271513004,-80.68086745272511,0,1,6665.005,-0.018228984,5,1,false,false,-3.0429602,0.66257167,9.52549,-3.1234574,-0.032218304,3
68.059906,0.6456509,35.35038418646617,-80.68086426212002,0,1,6674.136,-0.014728658,5,1,false,false,-2.9103687,0.71805024,9.617118,-3.124018,-0.029922893,3
68.073746,0.64596474,35.35039410141933,-80.68086107151494,0,1,6678.1807,-0.011812473,5,1,false,false,-2.2551076,0.6956917,7.9139433,-3.1244938,-0.025404297,3
68.08736,0.64627856,35.350403926149035,-80.68085777112053,0,1,6676.896,-0.009187227,5,1,false,false,-2.5074992,0.65099466,7.7996984,-3.1249003,-0.02235373,3
68.100075,0.6465924,35.3504138411022,-80.68085458051544,0,0.92946756,6667.338,-0.008457617,5,1,false,false,-1.9647791,0.65272003,8.161522,-3.1252878,-0.018361177,3
68.11326,0.6469064,35.350423665831904,-80.68085138991036,0.011295041,0.81271,6653.2007,-0.008457618,5,1,false,false,-2.4020584,0.5436486,9.6977215,-3.125624,-0.017069537,3
68.1155,0.6472204,35.350433580785065,-80.68084808951596,0.05838798,0.6687011,6640.391,-0.009770805,5,1,false,false,-2.3963418,-0.35563278,9.02949,-3.1259043,-0.016779609,3
68.092094,0.64753425,35.35044349546316,-80.68084489891086,0.14288932,0.48780802,6611.2534,-0.011812474,5,1,false,false,-1.8031707,-2.5227902,10.110591,-3.1261284,-0.014616643,3
68.022675,0.64784795,35.350453320467935,-80.68084159851647,0.25463095,0.32279053,6576.349,-0.013853578,5,1,false,false,-2.3186831,-5.7862673,8.912959,-3.126354,-0.014483403,3
67.89221,0.64816123,35.35046323514603,-80.68083840791138,0.35752818,0.20145503,6570.853,-0.015312236,5,1,false,false,-2.2827692,-9.3642235,11.024656,-3.1266809,-0.016815655,3
67.71547,0.6484738,35.350473060150804,-80.68083510751698,0.46893808,0.09856963,6545.131,-0.015603741,5,1,false,false,-1.9279411,-11.325939,10.583442,-3.127045,-0.016018182,3
67.50519,0.6487855,35.35048279465705,-80.68083191691188,0.56243914,0.03088877,6451.827,-0.015312235,5,1,false,false,-1.9540496,-13.845219,10.262611,-3.127329,-0.013391858,3
67.253365,0.6490961,35.35049261938675,-80.68082861651749,0.62384677,0,6331.2925,-0.014145083,5,1,false,false,-2.2132397,-16.12453,10.701666,-3.1275556,-0.012024648,3
66.97663,0.6494055,35.350502354168064,-80.6808254259124,0.67149043,0,6267.589,-0.0125415195,5,1,false,false,-1.6219952,-17.560701,9.813569,-3.127801,-0.012707554,3
66.63939,0.6497135,35.35051199845085,-80.68082223530732,0.71897703,0,6534.6826,-0.010062309,5,1,false,false,-1.4786057,-21.745173,10.107382,-3.1280122,-0.008716257,3
66.301735,0.6500199,35.3505216430087,-80.68081904470223,0.7487458,0,6466.114,-0.00802064,5,1,false,false,-1.8451965,-19.246662,9.799155,-3.1281583,-0.005985755,3
65.98316,0.65032476,35.350531287566554,-80.6808158544329,0.76527095,0,6340.842,-0.0062704775,5,1,false,false,-1.1540309,-19.67029,10.026324,-3.1282868,-0.0064331805,3
65.65228,0.65062815,35.350540841900944,-80.6808126638278,0.76883495,0,6221.514,-0.0048123845,5,1,false,false,-1.0307723,-20.129667,9.894577,-3.128352,-0.0022214367,3
65.30926,0.65093005,35.35055030601188,-80.68080958334778,0.76244426,0,6251.5664,-0.0037912675,5,1,false,false,-1.0178053,-21.55557,8.680927,-3.1283624,-0.0011373096,3
64.948265,0.6512303,35.350559770397886,-80.6808063927427,0.7484139,0,6290.886,-0.0033542917,5,1,false,false,-1.1734219,-21.518581,8.890271,-3.1283827,4.011064e-05,3
64.61244,0.65152884,35.35056914428535,-80.68080331226267,0.7263903,0,6188.825,-0.0030627854,5,1,false,false,-1.0396487,-19.633879,8.731628,-3.1284182,0.000771182,3
64.28706,0.6518259,35.35057842822444,-80.68080023178264,0.70515835,0,6165.2266,-0.0027707152,5,1,false,false,-1.3614273,-19.899483,8.417301,-3.1284854,-0.0029425665,3
63.962467,0.65212154,35.35058780238698,-80.68079715130261,0.68271786,0,6149.794,-0.0026246805,5,1,false,false,-0.67293173,-19.305464,8.806194,-3.12858,-0.0022800094,3
63.651134,0.65241563,35.350596996377675,-80.68079407082259,0.6739492,0,6092.93,-0.0021877042,5,1,false,false,-1.1880424,-18.68209,8.487709,-3.1285963,-8.65067e-05,3
63.343357,0.65270835,35.350606190093295,-80.68079099034257,0.66418,0,6069.648,-0.0016041282,5,1,false,false,-0.9533404,-18.841787,8.908507,-3.1285872,-0.0027252259,3
63.030434,0.65299964,35.35061538380892,-80.68078790986254,0.6568175,0,6063.175,-0.00029206974,5,1,false,false,-0.80677193,-18.983507,9.892849,-3.128626,-0.0029170045,3
62.72106,0.65328944,35.350624487576155,-80.68078493950757,0.6513895,0,6042.4385,0.0016035645,5,1,false,false,-1.0781262,-18.521725,10.517864,-3.1286159,0.0005097541,3
62.419037,0.6535779,35.35063359134339,-80.68078185902756,0.64149565,0,6014.838,0.0053953966,5,1,false,false,-0.6435968,-18.219265,10.286439,-3.1285634,0.0032867247,3
62.120308,0.6538649,35.350642604887156,-80.68077888833685,0.6350251,0,5986.792,0.008895159,5,1,false,false,-0.31766313,-18.113878,10.19973,-3.128433,0.010212982,3
61.822884,0.6541506,35.35065161843093,-80.68077591798189,0.628384,0,5964.814,0.014144521,5,1,false,false,-0.30735153,-17.88151,10.449532,-3.1282127,0.014554147,3
61.529686,0.6544349,35.35066054175124,-80.68077294762692,0.62270015,0,5939.42,0.0185188,5,1,false,false,0.24764067,-17.623175,10.448895,-3.127937,0.020715808,3
61.24332,0.65471786,35.35066937512317,-80.68076997693622,0.6173848,0,5903.416,0.023768721,5,1,false,false,0.30223465,-17.242765,9.684197,-3.127542,0.027016474,3
60.959103,0.6549995,35.350678298443476,-80.68076711670632,0.6107794,0,5870.957,0.026976421,5,1,false,false,0.4150654,-17.25448,9.604286,-3.127015,0.033896614,3
60.675655,0.6552799,35.3506871318154,-80.6807641460156,0.60212183,0,5846.7437,0.029309023,5,1,false,false,0.69002324,-17.15982,9.416733,-3.126401,0.038012203,3
60.394497,0.65555894,35.35069587468879,-80.68076128544996,0.59343225,0,5823.1177,0.02901752,5,1,false,false,1.0288451,-16.872522,9.064641,-3.1257157,0.043684468,3
60.11822,0.6558367,35.35070461783725,-80.68075842522006,0.58215725,0,5795.8003,0.026976418,5,1,false,false,1.1470826,-16.624113,9.27852,-3.1249692,0.046830725,3
59.847332,0.6561132,35.350713360985715,-80.6807555646544,0.5717481,0,5768.7896,0.02376872,5,1,false,false,1.1951118,-16.353447,9.19741,-3.1241925,0.047360748,3
59.580036,0.6563884,35.350722014185784,-80.68075270408876,0.55936885,0,5742.538,0.019393886,5,1,false,false,1.2113851,-16.003057,8.924609,-3.1234396,0.044799827,3
59.319622,0.65666246,35.35073057688733,-80.68074984385886,0.5476532,0,5716.807,0.016186185,5,1,false,false,1.6333514,-15.721839,8.784135,-3.12273,0.041975573,3
59.061695,0.65693533,35.3507392300874,-80.68074709341828,0.53461254,0,5691.0913,0.01239492,5,1,false,false,0.6048632,-15.5489435,9.123472,-3.122073,0.037637737,3
58.809074,0.6572071,35.350747792788944,-80.68074423285263,0.52205694,0,5671.236,0.010353251,5,1,false,false,1.0640533,-15.232656,9.548988,-3.1215148,0.030208632,3
58.56243,0.65747756,35.350756265542095,-80.68074148241205,0.5137275,0,5650.397,0.008603652,5,1,false,false,1.3506479,-14.873493,9.357798,-3.121054,0.027165601,3
58.318947,0.657747,35.35076473829525,-80.68073873197146,0.5096474,0,5625.496,0.006561419,5,1,false,false,0.6770523,-14.717674,9.864728,-3.1205728,0.027356302,3
58.07733,0.6580152,35.3507732110484,-80.68073598153089,0.509553,0,5607.8745,0.004228809,5,1,false,false,0.56988245,-14.735551,10.400536,-3.1201463,0.020225827,3
57.842323,0.6582824,35.35078159357809,-80.68073334121536,0.50976104,0.75,5917.7876,0.0020416686,0,1,false,false,1.0875411,-14.031526,10.325086,-3.1198251,0.016075382,3
57.61124,0.65854853,35.350789976107784,-80.68073059077477,0.5103668,0,6097.9844,-0.00014603505,0,1,false,false,0.1256715,-14.091632,10.48214,-3.1195571,0.011818542,3
57.37038,0.65881354,35.35079835891254,-80.68072795012351,0.511713,0,6169.4106,-0.002624681,4,1,false,false,0.21326596,-16.111189,10.957211,-3.1193871,0.0069669425,3
57.05135,0.6590773,35.350806651218775,-80.68072519968293,0.51173204,0,6649.259,-0.0048123845,4,1,false,false,0.012068391,-19.935919,10.351065,-3.1193013,0.0033243082,3
56.7679,0.65933955,35.350814943800074,-80.6807225593674,0.5142038,0,6597.147,-0.005686902,4,1,false,false,-0.30785388,-14.69033,10.484214,-3.1193008,-0.0018143713,3
56.546215,0.6596007,35.350823146157914,-80.68071991905188,0.514699,0,6465.2163,-0.005395396,4,1,false,false,-0.14662617,-13.753762,11.008468,-3.1193366,-0.0034589237,3
56.313717,0.65986085,35.35083134824069,-80.6807172784006,0.5195956,0,6340.001,-0.002479209,4,1,false,false,-0.2755915,-14.121841,9.903366,-3.1193523,-0.0018503924,3
56.081596,0.6601199,35.35083955059853,-80.68071474821015,0.52011424,0,6220.6035,0.00072904676,4,1,false,false,-0.4077767,-14.113686,9.182793,-3.1193259,0.0020085543,3
55.8446,0.66037786,35.35084766300798,-80.68071210789464,0.5264434,0,6191.9136,0.005103891,4,1,false,false,-0.3088401,-15.108059,8.5234995,-3.119247,0.007204532,3
55.568832,0.66063464,35.350855775142364,-80.68070946724336,0.52741337,0,6349.109,0.008895159,4,1,false,false,-0.32155162,-17.109758,8.387827,-3.1191201,0.012952782,3
55.307518,0.66089016,35.350863797053286,-80.6807069370529,0.5321069,0,6305.51,0.012102852,4,1,false,false,-0.14240527,-14.670969,8.635834,-3.1189456,0.016316755,3
55.076595,0.66114455,35.35087181923927,-80.68070440652669,0.53333896,0,6187.6123,0.01414452,4,1,false,false,-0.054637134,-13.988947,8.554073,-3.1186993,0.020306565,3
54.836685,0.66139793,35.350879841150196,-80.68070176621117,0.53459287,0,6143.23,0.013853014,4,1,false,false,0.120491624,-15.058903,9.260595,-3.1183343,0.025060534,3
54.584442,0.6616501,35.350887773112724,-80.68069923568497,0.5350635,0,6159.1465,0.012394921,4,1,false,false,-0.09937179,-15.490554,8.361728,-3.1179016,0.024549346,3
54.330513,0.66190106,35.35089570507526,-80.68069670515875,0.5368514,0,6126.992,0.009186664,4,1,false,false,0.14586204,-15.258364,8.260852,-3.1174877,0.023408832,3
54.079365,0.662151,35.35090354681433,-80.68069428475762,0.54004514,0,6091.37,0.006561419,4,1,false,false,0.087872446,-15.368562,9.93731,-3.117107,0.022218749,3
53.823753,0.66239965,35.3509113885534,-80.68069175456715,0.54257905,0,6082.51,0.003353727,4,1,false,false,0.20802772,-15.54804,10.103995,-3.116756,0.021477627,3
53.570114,0.6626471,35.35091923029247,-80.68068922404095,0.54472363,0,6060.4736,0.001603564,4,1,false,false,-0.1397062,-15.225649,9.412469,-3.116434,0.01828031,3
53.321053,0.66289353,35.35092698208315,-80.6806868036398,0.5441271,0,6016.9717,0.0013126222,4,1,false,false,-0.07893556,-15.218013,9.854787,-3.1161597,0.015002811,3
53.070866,0.6631387,35.35093473359876,-80.68068438323866,0.5446243,0,5984.4263,0.0020416689,4,1,false,false,0.2298674,-15.27748,10.134535,-3.1159296,0.013322187,3
52.81831,0.66338277,35.35094239516598,-80.68068196283751,0.543174,0,5966.91,0.0045203147,4,1,false,false,0.041480124,-15.331063,9.853336,-3.115705,0.013412025,3
52.567852,0.66362566,35.35095014695666,-80.68067954243638,0.5437698,0,5939.3804,0.007728572,4,1,false,false,-0.061862826,-15.15681,9.5658655,-3.1154678,0.014062023,3
52.31909,0.66386735,35.35095771830042,-80.68067712203523,0.54524094,0,5904.866,0.010644758,4,1,false,false,0.17980659,-15.077473,8.924099,-3.1152327,0.014581338,3
52.070484,0.664108,35.350965289644186,-80.68067470163409,0.544167,0,5875.653,0.0129779335,4,1,false,false,0.4734227,-15.101708,9.1110735,-3.1149807,0.017858323,3
51.822002,0.6643474,35.350972860987945,-80.68067228123294,0.5437897,0,5849.1836,0.013853014,4,1,false,false,0.078211665,-15.085665,9.342747,-3.114692,0.020458702,3
51.574318,0.66458565,35.3509804323317,-80.68066997095686,0.54462427,0,5816.31,0.013123403,4,1,false,false,0.19989252,-14.962485,9.488404,-3.1143599,0.02221814,3
51.329823,0.6648229,35.350987913727074,-80.68066755055571,0.54424655,0,5782.2656,0.012102851,4,1,false,false,-0.23762232,-14.939793,9.631298,-3.1139963,0.020573087,3
51.084103,0.6650589,35.350995304623915,-80.68066524027964,0.54164755,0,5748.2656,0.00977024,4,1,false,false,0.17834169,-14.975506,9.276057,-3.1136415,0.020340092,3
50.836945,0.66529375,35.351002786019286,-80.68066293000355,0.54291606,0,5724.658,0.008311582,4,1,false,false,0.09395337,-15.067281,9.578266,-3.1132817,0.020428216,3
50.58742,0.6655275,35.3510101771912,-80.68066061939172,0.5421825,0,5706.499,0.0061244424,4,1,false,false,0.09313846,-15.251834,10.206719,-3.1129,0.023003303,3
50.336796,0.66576016,35.351017478139646,-80.68065830911564,0.54111314,0,5684.9004,0.0056874664,4,1,false,false,-0.15491885,-15.118505,10.916988,-3.1125307,0.019289715,3
50.09079,0.6659916,35.3510247790881,-80.68065599883955,0.54210323,0,5660.729,0.005687466,4,1,false,false,0.3152585,-14.8906555,10.074228,-3.1121998,0.018082043,3
49.846325,0.6662219,35.351032080036546,-80.6806537983528,0.54192466,0,5630.5244,0.007436501,4,1,false,false,0.32761526,-14.846595,10.105864,-3.1118772,0.01837419,3
49.601044,0.66645116,35.351039290761534,-80.6806514880767,0.5414692,0,5600.926,0.009186665,4,1,false,false,0.18001437,-15.049178,11.135032,-3.1115274,0.020901937,3
49.354656,0.66667926,35.351046501761594,-80.68064928758994,0.5409547,0,5579.238,0.010644758,4,1,false,false,0.25956136,-14.8746395,10.552483,-3.1111596,0.021355184,3
49.111378,0.6669061,35.35105371248659,-80.68064708743893,0.5416475,0,5554.9443,0.011811346,4,1,false,false,0.42585987,-14.71314,10.116788,-3.1107733,0.023279836,3
48.870316,0.66713196,35.35106083326318,-80.68064488695217,0.54107356,0,5518.4116,0.012394921,4,1,false,false,0.49270523,-14.619224,9.696095,-3.1103396,0.026213387,3
48.628513,0.66735667,35.351067863816326,-80.68064268646539,0.5403021,0,5485.8643,0.012394921,4,1,false,false,0.5547732,-14.7192545,10.137704,-3.1098683,0.028395317,3
48.385796,0.6675803,35.35107498459293,-80.68064048631437,0.5387029,0,5463.9585,0.012102851,4,1,false,false,0.3467753,-14.714285,9.97097,-3.10937,0.029761653,3
48.144623,0.66780275,35.35108201514607,-80.68063828582761,0.5389594,0,5437.536,0.01195738,4,1,false,false,0.26894248,-14.568308,9.320694,-3.108883,0.028307311,3
47.90703,0.6680241,35.351088955475745,-80.68063619546591,0.5379341,0,5404.297,0.01195738,4,1,false,false,0.22255063,-14.3931055,8.884804,-3.108446,0.025863077,3
47.668076,0.6682444,35.35109598602889,-80.68063399531489,0.537186,0,5370.996,0.012540956,4,1,false,false,0.41857237,-14.585965,10.351823,-3.1080494,0.025194723,3
47.42886,0.6684636,35.351102926358564,-80.68063190495319,0.5353581,0,5344.6,0.013123403,4,1,false,false,0.45516932,-14.405353,9.192331,-3.1076264,0.026779514,3
47.196033,0.6686817,35.351109776739854,-80.68062981459148,0.5335152,0,5317.8853,0.013561509,4,1,false,false,0.16904879,-14.038581,7.4560084,-3.1071706,0.028975897,3
46.96308,0.6688987,35.351116627121144,-80.68062772422978,0.53138417,0,5280.5796,0.014873566,4,1,false,false,0.21324497,-14.347844,8.73368,-3.1067333,0.026573798,3
46.72547,0.6691146,35.35112347722736,-80.68062563386808,0.5302531,0,5251.015,0.016769199,4,1,false,false,0.7862913,-14.527552,9.262132,-3.106339,0.026671235,3
46.49116,0.66932946,35.35113023738519,-80.68062354350637,0.52642417,0,5239.346,0.020705946,4,1,false,false,0.43625295,-14.005544,8.111098,-3.1059513,0.028231483,3
46.263157,0.66954327,35.35113699754302,-80.68062156326972,0.5258429,0,5198.2183,0.025955303,4,1,false,false,0.4459191,-13.851898,8.855785,-3.1054964,0.031772003,3
46.0351,0.6697561,35.351143757700854,-80.68061947290802,0.52151775,0,5145.2407,0.034266885,4,1,false,false,0.9874526,-13.916483,9.519465,-3.10496,0.035506226,3
45.80582,0.66996795,35.35115042791029,-80.68061749267137,0.52047926,0,5135.5356,0.04228584,4,1,false,false,1.249445,-14.085583,9.321744,-3.1042738,0.047096875,3
45.57884,0.6701787,35.35115709784466,-80.680615512099,0.52061373,0.75,5462.8794,0.053803977,0,1,false,false,1.537855,-13.675204,9.190835,-3.103359,0.059049025,3
45.354362,0.6703884,35.35116376777903,-80.68061353186235,0.5202101,0,5761.0503,0.06575939,0,1,false,false,1.5937046,-13.675399,9.764455,-3.1022794,0.06574139,3
45.13067,0.67059684,35.351170347765006,-80.6806115516257,0.51955724,0,5698.4395,0.08369121,3,1,false,false,2.5511346,-13.741618,9.636196,-3.1011162,0.07472969,3
44.85771,0.67080414,35.351176927750984,-80.68060957138907,0.5182148,0,6057.562,0.106577806,3,1,false,false,3.0327196,-18.320257,9.245886,-3.0997624,0.09287782,3
44.563335,0.6710101,35.351183417513504,-80.68060759115242,0.5159963,0,6204.4175,0.12786,3,1,false,false,3.2204566,-16.8166,9.869201,-3.0981367,0.11195171,3
44.323643,0.6712148,35.35118990727602,-80.6806057207051,0.5148326,0,6088.7134,0.15132594,3,1,false,false,5.031866,-13.261411,10.877388,-3.096095,0.143292,3
44.110313,0.67141813,35.35119639676347,-80.68060385025777,0.5113334,0,5979.9385,0.17945401,3,1,false,false,6.446775,-13.145419,10.401534,-3.0933423,0.18735431,3
43.894928,0.6716204,35.35120288652599,-80.68060198014619,0.5052342,0,5876.9995,0.20335384,3,1,false,false,6.800415,-13.1086645,9.150944,-3.0897942,0.23291235,3
43.68186,0.6718217,35.35120928634012,-80.68060021982393,0.498258,0,5783.6465,0.22142243,3,1,false,false,7.228537,-13.01217,9.4221115,-3.085554,0.265622,3
43.453545,0.672022,35.35121559565572,-80.68059845950167,0.48482895,0,5837.2324,0.23118502,3,1,false,false,7.758578,-14.767478,9.464972,-3.0809703,0.27653137,3
43.205593,0.672221,35.35122199546985,-80.6805966991794,0.45787415,0,5914.8345,0.2377417,3,1,false,false,9.091332,-14.75968,9.630291,-3.0763433,0.28188795,3
42.98284,0.67241883,35.35122830478545,-80.68059493885714,0.42527598,0,5888.8164,0.23992713,3,1,false,false,9.957282,-12.541411,9.0904045,-3.0715742,0.29715675,3
42.7895,0.6726158,35.35123461437612,-80.68059328865994,0.3770972,0,5806.8145,0.23949009,3,1,false,false,10.552096,-11.377033,10.548837,-3.0665133,0.31785983,3
42.609997,0.6728118,35.35124092369171,-80.68059163846274,0.33391356,0.0048398674,5751.553,0.23803289,3,1,false,false,11.436403,-10.71391,10.666548,-3.0610034,0.34602976,3
42.439007,0.6730071,35.35124714305892,-80.68059009805485,0.27925545,0.015290262,5749.4634,0.2352644,3,1,false,false,11.664292,-10.14336,9.55397,-3.0550506,0.36502877,3
42.284115,0.6732016,35.351253362426135,-80.68058855798272,0.23124643,0.025016185,5765.547,0.23307896,3,1,false,false,11.591573,-8.921203,8.563165,-3.0488706,0.37405297,3
42.147736,0.67339545,35.35125958179334,-80.68058701757482,0.17926055,0.03885755,5768.303,0.2307475,3,1,false,false,11.996808,-7.791163,8.933284,-3.0426009,0.3713774,3
42.033474,0.67358875,35.35126580116055,-80.68058558762775,0.13411418,0.055982,5769.67,0.22637656,3,1,false,false,12.570724,-6.424333,9.0384245,-3.0365827,0.34960696,3
41.93761,0.67378163,35.35127202052776,-80.68058415734492,0.10247184,0.06785044,5777.538,0.22127637,3,1,false,false,13.038418,-5.404999,9.433112,-3.0310051,0.3252303,3
41.857132,0.6739743,35.35127823989497,-80.68058283718717,0.07979771,0.07597338,5779.4785,0.21588522,3,1,false,false,13.685866,-4.553856,10.150476,-3.025751,0.31249234,3
41.791256,0.67416656,35.351284369038716,-80.68058151669366,0.060909227,0.08372638,5772.2593,0.20976496,3,1,false,false,13.263401,-3.6750188,9.881244,-3.020615,0.30701756,3
41.73804,0.6743586,35.351290588405924,-80.6805801965359,0.049183384,0.089999706,5764.9,0.20626801,3,1,false,false,12.791247,-3.1197903,9.719893,-3.015535,0.3025475,3
41.690304,0.6745504,35.35129671754967,-80.6805789865032,0.04415333,0.095856845,5763.4814,0.20626804,3,1,false,false,12.718931,-2.9252741,9.594286,-3.0105271,0.2948596,3
41.64449,0.67474246,35.35130293691688,-80.68057777613475,0.042461373,0.10311665,5764.868,0.2090368,3,1,false,false,12.951518,-2.818976,9.907387,-3.0056736,0.28261995,3
41.60164,0.6749344,35.35130915628409,-80.68057656610206,0.041888226,0.107047096,5761.001,0.211951,3,1,false,false,12.405935,-2.6109958,9.560032,-3.0011067,0.2618943,3
41.561478,0.67512614,35.35131528542784,-80.68057546585868,0.04155108,0.10852681,5750.282,0.21544798,3,1,false,false,11.963475,-2.5228386,9.422456,-2.9969301,0.2396042,3
41.52201,0.67531776,35.351321504795045,-80.68057447574036,0.041310567,0.10744783,5738.626,0.21734214,3,1,false,false,11.673841,-2.5433807,9.74154,-2.9931192,0.2227863,3
41.48162,0.67550963,35.35132763421387,-80.68057337549698,0.04177379,0.10735534,5733.0835,0.21996519,3,1,false,false,11.21065,-2.6346457,9.690061,-2.9895375,0.21392612,3
41.440926,0.6757016,35.351333853306,-80.68057238537865,0.04249764,0.10710873,5732.6416,0.22433662,3,1,false,false,10.721547,-2.6362324,9.424168,-2.9860287,0.21536046,3
41.401203,0.6758934,35.351339982724824,-80.68057139526033,0.045882892,0.10558279,5730.176,0.23133048,3,1,false,false,10.048265,-2.5542686,9.0888,-2.9823658,0.22965036,3
41.363503,0.6760852,35.35134620209203,-80.68057051493132,0.052078344,0.10176025,5720.41,0.23876165,3,1,false,false,8.968924,-2.475682,7.951264,-2.9785,0.23516564,3
41.323723,0.67627716,35.35135233123578,-80.68056963493807,0.06819038,0.09460835,5706.849,0.24764922,3,1,false,false,9.679272,-2.7456868,8.439412,-2.9745717,0.2410682,3
41.27644,0.6764694,35.35135846037953,-80.68056875460906,0.088212185,0.08571474,5695.749,0.25464278,3,1,false,false,10.219439,-3.2988782,9.527581,-2.9704895,0.2536348,3
41.21914,0.6766615,35.35136467974674,-80.6805678746158,0.119909465,0.076913595,5686.51,0.2633843,3,1,false,false,10.882804,-3.9429922,10.716356,-2.966145,0.27151686,3
41.15247,0.6768534,35.351370808890486,-80.68056710441186,0.15129678,0.06828202,5675.3647,0.27198008,3,1,false,false,9.792468,-4.464056,9.150103,-2.961485,0.28735107,3
41.07481,0.67704517,35.351376938034235,-80.68056633454366,0.186116,0.062239926,5658.8516,0.2823234,3,1,false,false,10.550466,-5.2389045,8.923586,-2.9566133,0.29780382,3
40.982574,0.6772372,35.35138306745305,-80.68056567412904,0.21339692,0.058879755,5636.568,0.29106405,3,1,false,false,11.016983,-6.1168284,9.730674,-2.951586,0.30713686,3
40.87675,0.6774289,35.3513891965968,-80.68056490426083,0.2439685,0.054764338,5613.773,0.30111596,3,1,false,false,11.578576,-6.839402,10.432593,-2.9464073,0.318702,3
40.76191,0.6776202,35.35139532574055,-80.68056424418197,0.2678371,0.05243689,5593.625,0.30883646,3,1,false,false,11.746004,-7.275909,9.82033,-2.9410424,0.3294645,3
40.639965,0.67781097,35.35140136493591,-80.6805636938924,0.2916897,0.04896886,5571.8745,0.3180135,3,1,false,false,11.773775,-7.7241693,9.4505,-2.9355016,0.34167555,3
40.510612,0.67800176,35.35140749407966,-80.68056314393857,0.3090609,0.046625964,5542.459,0.32675302,3,1,false,false,11.911459,-8.129608,9.572551,-2.92971,0.35866377,3
40.373657,0.6781921,35.351413533275014,-80.68056259364901,0.32631326,0.044051923,5509.0527,0.33782285,3,1,false,false,12.809903,-8.681295,10.306373,-2.923569,0.38219315,3
40.228855,0.67838186,35.351419572195304,-80.68056204369519,0.34030148,0.04348161,5481.6807,0.34758133,3,1,false,false,12.940536,-9.00109,9.25608,-2.9170177,0.40483007,3
40.08115,0.678571,35.35142561139066,-80.68056160353069,0.35723376,0.04331208,5455.116,0.35952428,3,1,false,false,12.810557,-9.025114,8.925459,-2.9101264,0.42272165,3
39.929737,0.67875975,35.35143156036256,-80.68056127349125,0.36858344,0.04462222,5418.421,0.3692822,3,1,false,false,13.574172,-9.4665365,9.69964,-2.9029515,0.4402971,3
39.77131,0.67894804,35.351437599282846,-80.6805608336625,0.37593806,0.044915088,5377.1216,0.37860265,3,1,false,false,14.271448,-9.834411,10.189992,-2.8955,0.4553381,3
39.6094,0.6791356,35.35144354825474,-80.68056061341237,0.37888622,0.044313975,5340.4785,0.3834087,3,1,false,false,14.614753,-9.869954,9.587474,-2.8878267,0.46823302,3
39.45177,0.67932254,35.351449497226646,-80.68056028337293,0.37842685,0.04372824,5309.424,0.3844277,3,1,false,false,13.955973,-9.340708,8.276767,-2.8800066,0.4725293,3
39.302685,0.67950875,35.351455355975084,-80.68056006345856,0.3771888,0.0437899,5267.0903,0.38166097,3,1,false,false,14.280139,-9.167057,9.225021,-2.8722105,0.47113174,3
39.150352,0.6796956,35.35146130494698,-80.68055995333349,0.37572482,0.04334288,5213.961,0.37743777,3,1,false,false,14.639452,-9.274336,9.307846,-2.8643415,0.4799179,3
38.992226,0.6798819,35.35146716369542,-80.68055973341912,0.37393084,0.044128977,5163.614,0.37146652,3,1,false,false,15.159498,-9.799255,9.871451,-2.8562992,0.49397105,3
38.831226,0.6800673,35.35147293249547,-80.68055973341912,0.36924532,0.04471471,5118.0586,0.36505866,3,1,false,false,14.6995325,-9.581997,8.86788,-2.8479276,0.5148069,3
38.681,0.680252,35.351478791243906,-80.68055962329404,0.36116344,0.044313975,5075.6855,0.3580676,3,1,false,false,14.422455,-8.822891,8.878362,-2.8392377,0.5278352,3
38.53715,0.68043584,35.351484559768885,-80.68055962329404,0.35440055,0.04380531,5029.6396,0.35369867,3,1,false,false,15.390228,-8.605969,9.188521,-2.83043,0.5289768,3
38.393467,0.6806184,35.35149032856893,-80.68055973341912,0.34447992,0.045978606,4985.905,0.34947476,3,1,false,false,15.506717,-8.748056,9.236148,-2.8216035,0.53219527,3
38.240726,0.68080014,35.35149609709391,-80.68055984320843,0.334167,0.046117343,4945.013,0.34758124,3,1,false,false,16.226566,-9.078398,9.175682,-2.812722,0.53478235,3
38.09275,0.6809812,35.35150186589396,-80.68055995333349,0.32142827,0.047689535,4905.6387,0.34597912,3,1,false,false,16.38533,-8.610505,9.729846,-2.8038177,0.53591055,3
37.948303,0.6811615,35.35150754447054,-80.68056017324787,0.3095701,0.046394803,4867.629,0.34437734,3,1,false,false,17.078844,-8.317833,10.273124,-2.7948544,0.5424324,3
37.811222,0.68134063,35.351513223047135,-80.68056050328731,0.29758862,0.04715004,4830.562,0.34292066,3,1,false,false,18.064184,-8.015652,10.547517,-2.7857547,0.55116475,3
37.67772,0.68151873,35.35151890134865,-80.6805608336625,0.2873456,0.04849104,4795.5156,0.3411727,3,1,false,false,18.396078,-7.593964,10.136964,-2.7764628,0.56281877,3
37.55422,0.68169624,35.35152457992524,-80.68056116370194,0.2696053,0.049585372,4762.546,0.33825964,3,1,false,false,18.140965,-7.130307,9.795143,-2.7670188,0.56801057,3
37.434,0.6818731,35.351530168278366,-80.68056160353069,0.24963057,0.050664335,4712.4873,0.3349099,3,1,false,false,18.302713,-6.9699287,9.929619,-2.7575207,0.5692548,3
37.315365,0.6820493,35.351535756906564,-80.68056204369519,0.2196186,0.05317674,4670.5728,0.33024886,3,1,false,false,18.372868,-6.830302,9.888573,-2.748021,0.5687873,3
37.203407,0.68222433,35.35154134525969,-80.68056259364901,0.18923984,0.054964714,4631.661,0.32573324,3,1,false,false,18.52831,-6.2532473,9.813273,-2.7385817,0.5620845,3
37.103043,0.68239874,35.351546933612816,-80.6805632537279,0.16215989,0.05592037,4594.1836,0.32282025,3,1,false,false,18.333326,-5.4524684,9.131211,-2.729302,0.55088127,3
37.01427,0.68257266,35.35155243174248,-80.68056391414252,0.13756032,0.058540635,4566.946,0.32223728,3,1,false,false,17.78859,-4.909042,8.568645,-2.720263,0.53421605,3
36.933628,0.6827461,35.35155793014722,-80.68056457422139,0.108602226,0.060683124,4549.627,0.3254421,3,1,false,false,17.95605,-4.527115,9.138681,-2.7115514,0.5158466,3
36.84217,0.6829191,35.35156342827689,-80.6805653440896,0.08726459,0.06262525,4696.9214,0.33039433,3,1,false,false,17.968761,-6.2309375,8.836101,-2.7030945,0.5012709,3
36.72743,0.68309104,35.35156892668163,-80.68056611429354,0.064731896,0.06603162,4892.262,0.33913362,3,1,false,false,18.144215,-6.4227295,9.021116,-2.6949203,0.4876463,3
36.63652,0.68326247,35.3515744248113,-80.68056699462254,0.047317006,0.069299325,4949.6177,0.34903806,3,1,false,false,18.219898,-4.114312,8.268725,-2.686779,0.49658462,3
36.580936,0.6834334,35.35157983299258,-80.6805678746158,0.036691017,0.07187338,4930.0503,0.35806757,3,1,false,false,16.852392,-2.6627226,7.4217625,-2.6784568,0.5040138,3
36.52724,0.6836042,35.35158524117385,-80.68056886473413,0.02614376,0.07595797,4945.5796,0.36869937,3,1,false,false,17.207808,-3.5274498,8.4597645,-2.6700304,0.509859,3
36.46378,0.6837744,35.35159064935513,-80.68056996497751,0.018234098,0.079503074,4980.145,0.37700063,3,1,false,false,16.642796,-3.4842782,8.267317,-2.6615436,0.5083459,3
36.403694,0.68394417,35.351596057536405,-80.68057095509583,0.011201791,0.08366476,4987.205,0.3857385,3,1,false,false,17.490374,-3.3203723,8.711504,-2.6532195,0.48960885,3
36.344692,0.6841135,35.35160146544261,-80.68057205533921,0.006315129,0.08753352,4995.5503,0.39331082,3,1,false,false,17.747524,-3.4227016,9.34642,-2.6453052,0.46860772,3
36.280956,0.68428254,35.35160678340043,-80.6805732653719,0.001540859,0.091803074,5019.747,0.40423274,3,1,false,false,18.094711,-3.532558,9.846713,-2.6375291,0.46907556,3
36.22374,0.68445116,35.35161219158171,-80.68057447574036,-1.7462298e-10,0.0959031,5038.6255,0.41835755,3,1,false,false,19.746681,-2.8648064,10.798595,-2.6296782,0.47429678,3
36.182278,0.68461967,35.35161750953952,-80.68057579589811,0,0.10143654,5040.2207,0.4337918,3,1,false,false,19.905264,-1.9600637,10.568313,-2.6216595,0.48546922,3
36.1491,0.6847878,35.35162282777242,-80.68057711605587,0,0.10800274,5029.478,0.45650527,3,1,false,false,19.492533,-1.8575351,9.491549,-2.6134896,0.48895064,3
36.118393,0.6849557,35.35162814573023,-80.6805785463387,0,0.114969626,5024.2036,0.47688755,3,1,false,false,19.717773,-1.4439764,10.411926,-2.6053667,0.47776413,3
36.053715,0.68512344,35.35163337346459,-80.68057997662152,0,0.123447075,5037.8027,0.499161,3,1,false,false,30.05934,-7.5274544,14.689224,-2.5973494,0.5159264,3
35.97477,0.6852907,35.351638601474015,-80.68058151669366,0,0.12964335,5072.047,0.51298976,3,1,false,false,28.913292,0.6995523,30.216496,-2.5868428,0.7091771,3
35.957005,0.68545806,35.35164382920837,-80.68058316722662,0,0.13580877,5106.7417,0.52172303,3,1,false,false,31.006819,-2.6974037,19.019367,-2.5752094,0.6576558,3
35.917088,0.6856254,35.351649056942726,-80.68058492721312,0,0.1424982,5139.093,0.5266726,3,1,false,false,21.27022,-2.360606,18.151917,-2.5646138,0.54567266,3
35.882423,0.68579245,35.351654284952154,-80.68058668753538,0,0.14840159,5176.158,0.52769136,3,1,false,false,25.9559,-1.6472937,13.916616,-2.5576267,0.29708984,3
35.84247,0.6859594,35.35165942273812,-80.68058866810777,0,0.15448996,5219.635,0.52769136,3,1,false,false,32.69902,-2.1361663,20.68344,-2.553628,0.21676292,3
35.839493,0.6861263,35.35166456024902,-80.68059064834442,0,0.16071707,5090.3574,0.5260899,3,1,false,false,22.013487,0.83297926,17.901701,-2.5501335,0.22604555,3
35.85362,0.6862936,35.35166969803499,-80.68059262858105,0,0.16527948,4922.71,0.5249256,3,1,false,false,11.36042,-0.31954348,12.047815,-2.545144,0.37088215,3
35.838505,0.686461,35.35167483582096,-80.68059471894276,0,0.16632757,4960.7886,0.5230335,3,1,false,false,2.980338,-1.7621305,6.5098515,-2.5384047,0.42726266,3
35.825375,0.6866283,35.35167988338346,-80.68059680930446,0,0.16504824,5020.693,0.52055866,3,1,false,false,7.480776,-1.1800508,5.8529367,-2.5317094,0.40052927,3
35.812046,0.6867955,35.35168502116943,-80.68059889966617,0,0.16413888,5077.8394,0.5173566,3,1,false,false,6.649634,-1.0538836,2.795956,-2.5255342,0.34166786,3
35.79975,0.6869626,35.35169006873194,-80.68060099002787,0,0.1628133,5134.0547,0.51197076,3,1,false,false,4.386931,-0.95119303,-0.49430948,-2.5206063,0.24787544,3
35.788063,0.68713015,35.3516952065179,-80.68060308038957,0,0.16187307,5188.257,0.5054203,3,1,false,false,2.459494,-1.0596713,-1.451974,-2.5169964,0.17750199,3
35.785946,0.68729776,35.35170025408041,-80.6806052805406,0,0.15835875,5085.771,0.5103694,3,1,false,false,3.0851965,0.29853302,0.36829025,-2.5142403,0.15063961,3
35.7982,0.6874653,35.351705301642916,-80.68060737090231,0,0.15701777,5001.3345,0.5265269,3,1,false,false,4.479906,-0.02436556,1.5659937,-2.5114748,0.15533254,3
35.795235,0.68763274,35.35171043915381,-80.68060957138907,0,0.15234753,5044.139,0.55141616,3,1,false,false,1.9885905,-0.72358435,1.8485935,-2.5086358,0.15632513,3
35.787327,0.6878,35.351715486991395,-80.68061177154009,0,0.14847869,5062.918,0.5783405,3,1,false,false,6.3568506,-0.67107815,1.7456768,-2.5060337,0.15601943,3
35.782185,0.68796694,35.3517205345539,-80.68061386190179,0,0.14484107,5036.2305,0.5924563,3,1,false,false,12.727694,-0.640944,6.8678217,-2.5027356,0.2264614,3
35.76829,0.68813366,35.35172558211641,-80.68061617251362,0,0.1420204,5011.163,0.59973264,3,1,false,false,23.948883,-1.3040316,15.31953,-2.4979422,0.34452564,3
35.748497,0.6883002,35.35173062967891,-80.68061837266464,0,0.13969296,5029.1123,0.59289324,3,1,false,false,24.86406,-1.6167758,19.26828,-2.4914596,0.41993886,3
35.717365,0.68846655,35.35173558701796,-80.68062079306578,0,0.13795123,5034.301,0.575575,3,1,false,false,21.849098,-1.960552,20.276186,-2.4835951,0.52575785,3
35.69681,0.6886328,35.351740634580466,-80.68062321346693,0,0.13432902,5011.1665,0.5423918,3,1,false,false,21.534117,-1.4648637,13.935091,-2.474087,0.61509496,3
35.688816,0.68879807,35.35174559219458,-80.68062563386808,0,0.13267985,5014.37,0.50309134,3,1,false,false,26.598063,-0.7639637,15.343252,-2.463645,0.63358307,3
35.68332,0.6889632,35.351750549533634,-80.68062816439428,0,0.12911928,4957.5903,0.44631386,3,1,false,false,21.165258,-0.7166921,13.945756,-2.4532921,0.63304967,3
35.67008,0.6891283,35.351755416924284,-80.68063080470979,0,0.12407905,4910.1196,0.3809325,3,1,false,false,19.76831,-1.1881227,11.853178,-2.4428601,0.63578886,3
35.649387,0.68929315,35.351760374263336,-80.68063344502532,0,0.11851476,4933.839,0.3204893,3,1,false,false,14.818392,-1.4262996,7.644482,-2.432527,0.63155645,3
35.63269,0.68945795,35.35176524165399,-80.6806360856766,0,0.10969819,4952.811,0.24575491,3,1,false,false,10.537722,-1.1244593,4.613221,-2.4224186,0.61453635,3
35.61762,0.689622,35.35177010904465,-80.68063872599211,0,0.10063507,4962.6826,0.18863535,3,1,false,false,8.501744,-0.877599,3.6449568,-2.4125884,0.59134805,3
35.605534,0.6897857,35.351774976160236,-80.6806414764327,0.00821663,0.08962977,4950.9473,0.12232083,3,1,false,false,12.259026,-0.1405722,5.403739,-2.4036658,0.47705153,3
35.57934,0.6899494,35.351779843550894,-80.68064422687328,0.029344535,0.07948767,4930.1167,0.07261118,3,1,false,false,11.92775,-1.2477348,5.7403526,-2.397017,0.3248651,3
35.55234,0.69011295,35.351784620718085,-80.68064708743893,0.054697666,0.07276733,4916.906,0.045202017,3,1,false,false,16.426086,-1.5576515,9.876124,-2.3929899,0.14034255,3
35.487305,0.6902763,35.351789397885284,-80.68064983787951,0.08740287,0.75,5264.9165,0.028142437,0,1,false,false,26.999435,-4.01515,23.296883,-2.392077,-0.0014712522,3
35.431908,0.69043905,35.35179417505248,-80.68065280823447,0.12075283,0.05647525,5492.2563,0.02376872,0,1,false,false,11.794633,-3.3199594,27.37615,-2.392792,-0.08439129,3
35.37279,0.6906015,35.351798952219674,-80.68065566880011,0.16027829,0.05088014,5458.6104,0.020122932,2,1,false,false,3.6137717,-4.042585,27.151321,-2.394458,-0.110684946,3
35.228283,0.6907636,35.35180372938687,-80.68065863915508,0.20690274,0.04907673,5781.464,-0.0033542905,2,1,false,false,0.9447523,-12.761026,23.290524,-2.3960297,-0.07555725,3
35.014996,0.69092476,35.35180841660568,-80.68066149972073,0.2430765,0.04619441,6149.077,-0.04097998,2,1,false,false,0.9160216,-11.827559,16.955238,-2.3969128,-0.027761918,3
34.866425,0.6910851,35.35181310354942,-80.6806644700757,0.28229484,0.046733886,6227.6787,-0.09888646,2,1,false,false,-2.8187819,-7.4477735,8.791651,-2.397108,-0.0036846418,3
34.767708,0.6912449,35.35181779049315,-80.68066733064134,0.31120813,0.046564348,6136.3643,-0.15913968,2,1,false,false,-2.396801,-5.432466,3.4063065,-2.3972378,-0.012250072,3
34.68409,0.69140416,35.3518223874885,-80.68067019087124,0.32804954,0.047150046,6049.2207,-0.20276856,2,1,false,false,-1.1358869,-5.1129074,-0.6655186,-2.3973982,-0.003245217,3
34.60888,0.691563,35.35182707443224,-80.68067305143688,0.33779913,0.046256065,5935.1196,-0.2436313,2,1,false,false,-0.79130214,-4.624341,-0.33678636,-2.397326,0.0091774035,3
34.51902,0.6917216,35.35183167142758,-80.68067591200253,0.341143,0.04736585,5740.519,-0.2745743,2,1,false,false,-0.9234027,-6.567528,2.950728,-2.3971894,0.007524262,3
34.370914,0.69187963,35.351836358371315,-80.68067866244311,0.34005928,0.047504537,5637.6,-0.31822065,2,1,false,false,-2.08791,-11.028693,6.401841,-2.3971047,-0.00040144866,3
34.171047,0.692037,35.35184095536667,-80.68068152267301,0.33890665,0.049092144,5572.7944,-0.36275,2,1,false,false,-3.8374007,-12.607746,9.328864,-2.3973427,-0.033187073,3
33.967308,0.69219357,35.35184546213855,-80.6806842731136,0.3376006,0.049647026,5511.2803,-0.4233501,2,1,false,false,-8.001925,-11.666997,11.392543,-2.3984292,-0.104969494,3
33.811184,0.69234926,35.3518500591339,-80.68068702355419,0.33313993,0.049462073,5452.327,-0.47476044,2,1,false,false,-10.660802,-8.84488,12.610088,-2.401159,-0.22816381,3
33.674587,0.69250435,35.351854655854176,-80.68068977399477,0.32693762,0.049323343,5450.587,-0.5293945,2,1,false,false,-11.104408,-8.746292,12.871727,-2.4060426,-0.35235533,3
33.504738,0.6926588,35.35185916262606,-80.68069241464603,0.31725776,0.04926168,5587.598,-0.56387514,2,1,false,false,-10.767521,-11.528469,10.600095,-2.412605,-0.42583305,3
33.329395,0.6928124,35.35186366939794,-80.68069505496156,0.29799405,0.04924629,5676.518,-0.5910526,2,1,false,false,-11.279995,-10.001406,8.226963,-2.4199965,-0.4580166,3
33.18625,0.69296575,35.351868266393296,-80.68069769527708,0.27706116,0.04921546,5657.07,-0.6039116,2,1,false,false,-10.540125,-8.207508,6.852884,-2.4277542,-0.4700778,3
33.06081,0.69311845,35.35187277316518,-80.68070022580329,0.2497363,0.048737653,5591.003,-0.61004966,2,1,false,false,-10.276115,-7.28201,7.6595488,-2.435628,-0.47307813,3
32.955982,0.6932707,35.351877279937064,-80.68070264620442,0.22211745,0.04906132,5529.722,-0.6122419,2,1,false,false,-11.089659,-6.381866,7.653302,-2.443524,-0.4721126,3
32.860744,0.6934224,35.35188178670895,-80.68070517673064,0.18552639,0.049462073,5471.155,-0.6170645,2,1,false,false,-10.713263,-5.406111,6.390379,-2.4513547,-0.4634683,3
32.7712,0.6935738,35.35188629348084,-80.68070759713179,0.1482639,0.05007863,5415.2544,-0.63328606,2,1,false,false,-12.497742,-5.8586383,7.3937583,-2.4591203,-0.4731733,3
32.673088,0.69372493,35.351890800252725,-80.68071001753293,0.11908485,0.049693286,5360.4907,-0.6562315,2,1,false,false,-14.06087,-5.823409,8.645089,-2.467434,-0.52955025,3
32.584385,0.6938758,35.35189530702461,-80.680712327809,0.08773066,0.049708687,5359.0234,-0.6917509,2,1,false,false,-16.244148,-5.5054407,10.627734,-2.4768374,-0.5947645,3
32.486084,0.69402623,35.3518998137965,-80.68071463808509,0.06574553,0.049539156,5461.1763,-0.725812,2,1,false,false,-17.140327,-6.021423,11.660004,-2.487084,-0.63166934,3
32.396126,0.6941762,35.35190432056838,-80.68071683857185,0.045331374,0.04946208,5545.7686,-0.7682105,2,1,false,false,-18.0169,-4.7387533,10.467406,-2.4978597,-0.6645029,3
32.332363,0.6943258,35.35190882734027,-80.68071903872287,0.03283248,0.05125004,5546.713,-0.8012574,2,1,false,false,-18.432863,-3.292025,9.820826,-2.5091598,-0.6910757,3
32.284676,0.69447523,35.351913334112155,-80.68072112908457,0.02254188,0.051835768,5498.2065,-0.82845736,2,1,false,false,-18.388361,-2.2639754,9.27884,-2.5206857,-0.68947214,3
32.241154,0.6946245,35.3519179311075,-80.68072321944628,0.014429952,0.05100342,5457.7617,-0.84790814,2,1,false,false,-17.326115,-2.6183443,8.825736,-2.5318894,-0.6497207,3
32.191776,0.6947733,35.35192243787939,-80.68072530980798,0.010055502,0.0513117,5437.34,-0.8597558,2,1,false,false,-17.38058,-2.8833053,9.048439,-2.542291,-0.5963079,3
32.13476,0.694922,35.35192703459966,-80.68072729004463,0.0063958694,0.051018827,5451.2075,-0.86897075,2,1,false,false,-18.706333,-3.3933012,9.60936,-2.5518281,-0.55170906,3
32.07534,0.69507027,35.35193154137155,-80.68072916049195,0.0038300883,0.051835768,5479.0166,-0.8789166,2,1,false,false,-18.559212,-3.1599524,9.87515,-2.5610008,-0.54985666,3
32.02388,0.6952183,35.351936138366895,-80.68073103060352,0.0017817587,0.05097262,5489.3413,-0.8925202,2,1,false,false,-17.693165,-2.604624,8.380378,-2.5702832,-0.5638188,3
31.976229,0.6953662,35.35194073536224,-80.68073279092579,-1.1641532e-10,0.050772227,5477.7183,-0.9081723,2,1,false,false,-23.347065,-2.765499,10.353661,-2.5799274,-0.61630607,3
31.929909,0.6955136,35.35194533235759,-80.68073455124805,0,0.05047939,5447.2295,-0.9302622,2,1,false,false,-23.881319,-2.4338603,16.194128,-2.5914302,-0.75111485,3
31.87752,0.69566065,35.35194992907787,-80.68073620144526,0,0.05012486,5450.2563,-0.9478187,2,1,false,false,-24.313572,-3.438497,15.406977,-2.6046145,-0.82601845,3
31.80851,0.6958075,35.351954526073214,-80.68073785197821,0,0.05114215,5497.234,-0.9677171,2,1,false,false,-23.759565,-4.0813766,12.45173,-2.6178737,-0.7720333,3
31.740215,0.69595397,35.35195912306856,-80.68073928192528,0,0.05055645,5532.022,-0.98117834,2,1,false,false,-20.971685,-3.2035296,11.392316,-2.6299953,-0.6819062,3
31.688696,0.6961001,35.351963719788834,-80.68074082233316,0,0.049539156,5518.5747,-0.99259174,2,1,false,false,-20.509407,-2.2949467,8.78116,-2.6402953,-0.56051904,3
31.65378,0.6962459,35.35196831678418,-80.68074214249093,0,0.049970716,5472.1265,-1.0022497,2,1,false,false,-18.538368,-1.4556062,7.86887,-2.648696,-0.44769517,3
31.625092,0.6963915,35.35197300372792,-80.68074357277375,0,0.049693286,5417.321,-1.0098586,2,1,false,false,-16.181784,-1.4494435,6.5840535,-2.655427,-0.35394368,3
31.596355,0.6965369,35.35197760072327,-80.68074478280646,0,0.049169205,5382.8623,-1.0189323,2,1,false,false,-12.447912,-1.6278021,4.5712004,-2.660873,-0.28595155,3
31.56649,0.6966821,35.35198219771861,-80.68074610329997,0,0.04861433,5377.464,-1.0388348,2,1,false,false,-9.308657,-1.7584481,3.116102,-2.6654406,-0.2480788,3
31.536959,0.6968272,35.351986884662345,-80.68074731333266,0,0.048290648,5379.129,-1.0637162,2,1,false,false,-8.449297,-1.7890605,3.2336488,-2.669735,-0.25226757,3
31.507313,0.6969721,35.35199148165769,-80.6807485237011,0,0.047689535,5370.6045,-1.0988461,2,1,false,false,-8.861603,-1.8019104,3.9714513,-2.674301,-0.27978894,3
31.47795,0.69711643,35.35199607837797,-80.6807497337338,0,0.048182763,5358.519,-1.1306119,2,1,false,false,-9.636859,-1.8311317,4.4755373,-2.679404,-0.31990704,3
31.447681,0.69726056,35.35200076559678,-80.68075083397719,0,0.0469805,5352.1934,-1.1656039,2,1,false,false,-10.061369,-1.8427103,4.4083576,-2.6852074,-0.3688939,3
31.416815,0.6974045,35.35200536231705,-80.68075193422057,0,0.047828257,5349.7627,-1.1897627,2,1,false,false,-10.062571,-1.978217,4.374363,-2.6918983,-0.42924607,3
31.382694,0.6975482,35.35201004953586,-80.6807530341282,0,0.047273375,5344.997,-1.2133392,2,1,false,false,-10.399638,-2.1625159,4.8590336,-2.6994874,-0.47849062,3
31.345493,0.6976917,35.35201464625614,-80.68075413437158,0,0.046271473,5343.0894,-1.229741,2,1,false,false,-11.204706,-2.2731304,5.513751,-2.7077198,-0.5089727,3
31.304996,0.6978349,35.35201924325148,-80.6807551244899,0,0.04624065,5346.7124,-1.2477547,2,1,false,false,-12.105369,-2.426103,6.2448845,-2.7163231,-0.52361,3
31.261438,0.6979778,35.352023930195216,-80.68075611494397,0,0.045624107,5349.262,-1.2659163,2,1,false,false,-13.158533,-2.4721375,7.078101,-2.725031,-0.52207184,3
31.219526,0.69812024,35.35202852719056,-80.68075699493724,0,0.045932382,5342.6064,-1.280856,2,1,false,false,-26.080936,-2.0848682,10.252907,-2.7335532,-0.4974443,3
31.159092,0.6982625,35.35203312418591,-80.68075787493049,0,0.0437899,5296.981,-1.2987267,2,1,false,false,-33.87228,-3.333929,19.70572,-2.7421072,-0.5397729,3
31.102196,0.6984046,35.35203781112965,-80.68075864513443,0,0.041339137,5259.257,-1.3119107,2,1,false,false,-29.610296,-3.1524706,22.63948,-2.7514775,-0.57512474,3
31.033806,0.6985464,35.352042408124994,-80.68075930521331,0,0.039689906,5268.388,-1.3209924,2,1,false,false,-30.263842,-4.3575926,22.637125,-2.761229,-0.59667176,3
30.960817,0.6986879,35.35204709506873,-80.6807599652922,0,0.039998174,5302.4277,-1.321579,2,1,false,false,-29.867449,-4.366896,18.523474,-2.7713432,-0.6172385,3
30.897516,0.69882905,35.35205169206408,-80.6807604054567,0,0.037547417,5325.843,-1.3119107,2,1,false,false,-25.211706,-3.656466,13.804972,-2.7816231,-0.6151713,3
30.851402,0.69896996,35.352056289059426,-80.68076084562121,0,0.03586734,5316.755,-1.3013636,2,1,false,false,-17.730383,-2.5653236,7.9425297,-2.7916293,-0.5863932,3
30.817743,0.6991107,35.35206097600316,-80.68076117566065,0,0.03293874,5286.5083,-1.2884731,2,1,false,false,-10.721194,-2.070219,3.6411624,-2.8011148,-0.5544022,3
30.7917,0.69925123,35.352065572998505,-80.68076150570008,0,0.031998545,5268.5557,-1.2776339,2,1,false,false,-5.477358,-1.5953134,0.42860794,-2.8100228,-0.51170367,3
30.767939,0.69939166,35.35207016971878,-80.68076183573952,0,0.0303801,5260.861,-1.268992,2,1,false,false,-3.7654753,-1.5748206,-0.5208135,-2.81813,-0.45876002,3
30.7452,0.6995321,35.35207476671413,-80.68076216577896,0,0.02931657,5240.359,-1.2735326,2,1,false,false,-4.5785017,-1.4708848,0.72461605,-2.8253489,-0.40687686,3
30.718647,0.6996724,35.35207936370948,-80.6807624958184,0,0.026480496,5209.6562,-1.2953575,2,1,false,false,-14.71769,-1.7320595,6.3749886,-2.8323832,-0.45677716,3
30.681313,0.6998124,35.35208396042975,-80.68076271573278,0,0.023366954,5190.3438,-1.3283179,2,1,false,false,-18.269234,-2.6101818,12.0765505,-2.8408947,-0.5604911,3
30.626808,0.6999523,35.35208864764856,-80.68076293598291,0,0.020315051,5201.7314,-1.3516123,2,1,false,false,-22.026394,-3.5032647,15.519545,-2.8509905,-0.646694,3
30.561932,0.7000919,35.352093154420444,-80.68076304577222,0,0.017371092,5226.671,-1.3650914,2,1,false,false,-23.465988,-3.842039,16.719748,-2.862243,-0.6989618,3
30.49732,0.7002312,35.35209775114072,-80.68076304577222,0.0002632014,0.015182348,5235.9873,-1.3623072,2,1,false,false,-24.147242,-3.5601523,15.53308,-2.874001,-0.71172893,3
30.43935,0.7003705,35.352102348136064,-80.68076304577222,0.00039494954,0.013579341,5217.7,-1.3505865,2,1,false,false,-23.845459,-3.1736202,14.038774,-2.885764,-0.7000947,3
30.38829,0.70050955,35.35210694513141,-80.68076293598291,0.00063429057,0.014057158,5187.1274,-1.3294896,2,1,false,false,-22.101925,-2.8575609,11.868083,-2.897157,-0.6665687,3
30.340069,0.7006485,35.3521114519033,-80.68076282585784,0.0005218962,0.014057159,5166.822,-1.3142539,2,1,false,false,-19.320578,-2.8317072,9.481262,-2.9079092,-0.6241142,3
30.291584,0.70078707,35.35211604862358,-80.68076260594347,0.00074186234,0.014904916,5166.9316,-1.298434,2,1,false,false,-15.895433,-2.8813095,7.3273783,-2.918017,-0.5907549,3
30.244497,0.7009255,35.35212055539546,-80.68076227590403,0.00029733885,0.0152131915,5180.5015,-1.289938,2,1,false,false,-12.833934,-2.719906,5.434776,-2.9277208,-0.57584935,3
30.203835,0.7010638,35.35212515239081,-80.6807620556539,-7.275958e-12,0.0146274585,5188.7476,-1.2867149,2,1,false,false,-11.121396,-2.2326834,4.60996,-2.937328,-0.577993,3
30.169054,0.7012021,35.35212965916269,-80.68076172561446,0,0.014797,5172.592,-1.2912561,2,1,false,false,-10.600147,-1.9348303,4.5815935,-2.946948,-0.5726329,3
30.137709,0.7013404,35.35213416593458,-80.68076128544996,0,0.016292125,5138.595,-1.3070761,2,1,false,false,-10.294799,-1.7924707,5.1647367,-2.9563432,-0.55300105,3
30.104265,0.70147836,35.35213867270647,-80.68076095541052,0,0.016060919,5111.572,-1.3240701,2,1,false,false,-12.115289,-2.0183325,6.850727,-2.9654334,-0.5364562,3
30.060852,0.7016162,35.352143179478354,-80.68076051558177,0,0.01766393,5101.4536,-1.3457522,2,1,false,false,-19.869541,-2.5121446,10.577515,-2.974531,-0.5669519,3
30.00784,0.7017539,35.35214768625024,-80.68076007541725,0,0.02008387,5100.6475,-1.360989,2,1,false,false,-20.395365,-2.9924908,13.3414,-2.984386,-0.6088833,3
29.948727,0.7018913,35.35215219302213,-80.68075952546344,0,0.026711669,5106.774,-1.3722701,2,1,false,false,-21.44065,-3.215011,14.077071,-2.9946969,-0.6238352,3
29.88963,0.7020283,35.35215660957055,-80.68075886538456,0,0.037763204,5114.0347,-1.3752009,2,1,false,false,-21.44298,-3.12142,13.230646,-3.005112,-0.6259185,3
29.83455,0.7021649,35.35216111634244,-80.68075820496993,0,0.07896361,5129.2476,-1.3678751,2,1,false,false,-21.481852,-2.8505836,12.150597,-3.015538,-0.6250313,3
29.78736,0.70230126,35.35216553316594,-80.68075743510174,0,0.16976479,5154.8755,-1.3511727,2,1,false,false,-20.389236,-2.3351982,10.974633,-3.0258422,-0.6100399,3
29.751429,0.7024374,35.35216994971436,-80.6807566648978,0,0.29797465,5242.02,-1.3330059,2,1,false,false,-18.389946,-1.7406129,9.495075,-3.0357692,-0.58090955,3
29.718111,0.7025734,35.35217436626279,-80.68075578456879,0,0.4642251,5465.1826,-1.3119106,2,1,false,false,-16.301132,-1.7633018,8.176171,-3.04521,-0.55262554,3
29.689434,0.7027094,35.35217878308628,-80.68075490457554,0,0.577561,5742.6123,-1.297115,2,1,false,false,-14.733076,-1.108577,7.435691,-3.0542276,-0.5312386,3
29.724396,0.70284516,35.35218310941125,-80.68075402458227,0,0.69171363,5607.785,-1.2859828,2,1,false,false,-12.129281,4.9123387,7.2746625,-3.0631156,-0.5479011,3
29.824968,0.7029812,35.352187526234744,-80.6807530341282,0,0.77918553,5326.761,-1.2826142,2,1,false,false,-12.710236,6.471084,8.128548,-3.0727284,-0.6074461,3
29.913279,0.7031177,35.35219194278317,-80.68075204400988,0,0.8487778,5338.328,-1.2836391,2,1,false,false,-13.896918,4.4892426,8.511137,-3.0830972,-0.626715,3
29.964878,0.7032546,35.3521963593316,-80.68075094410224,0,0.91571885,5518.06,-1.2852507,2,1,false,false,-15.013469,3.257731,9.154779,-3.0932887,-0.5942359,3
30.029558,0.7033917,35.352200776155094,-80.68074984385886,0,0.9628534,5591.385,-1.2817352,2,1,false,false,-15.210036,5.0393248,10.123645,-3.1030345,-0.5824142,3
30.12374,0.7035292,35.35220519270352,-80.68074863349042,0,0.98757684,5486.442,-1.2708961,2,1,false,false,-15.081084,6.4094343,10.307263,-3.11291,-0.60446423,3
30.221605,0.70366716,35.35220960925194,-80.68074742345772,0,0.99999994,5366.6616,-1.2508307,2,1,false,false,-15.203244,5.96248,9.954393,-3.1230934,-0.6108554,3
30.294157,0.7038055,35.352214026075444,-80.68074621308928,0,1,5427.7793,-1.2109969,2,1,false,false,-17.134583,3.992412,10.296194,-3.1331162,-0.5865709,3
30.346907,0.70394415,35.352218442623865,-80.68074489293151,0,1,5560.336,-1.152719,2,1,false,false,-17.162365,3.7226062,10.415153,3.140503,-0.5633883,3
30.409605,0.704083,35.35222294939575,-80.68074357277375,0,1,5632.502,-1.0918194,2,1,false,false,-16.688234,4.7024846,10.357151,3.1310434,-0.57532287,3
30.489027,0.70422226,35.35222736594418,-80.68074214249093,0,1,5599.357,-1.009273,2,1,false,false,-15.328446,5.3983335,9.341252,3.1212819,-0.59417385,3
30.566565,0.704362,35.352231782767674,-80.6807407122081,0,1,5558.7163,-0.9232403,2,1,false,false,-14.465633,4.6263275,8.134863,3.1113281,-0.59667665,3
30.625818,0.70450205,35.3522361993161,-80.68073917213597,0,1,5652.16,-0.8514186,2,1,false,false,-14.331589,3.720343,7.9064217,3.1015499,-0.57255405,3
30.681456,0.70464236,35.35224061586453,-80.68073763172808,0,1,5785.559,-0.7743518,2,1,false,false,-14.681352,4.1382966,8.73619,3.0922585,-0.5448321,3
30.755959,0.704783,35.35224503241295,-80.68073598153089,0,1,5822.97,-0.7149935,2,1,false,false,-15.17346,5.7152977,10.313666,3.083195,-0.5477287,3
30.852005,0.7049241,35.35224944923645,-80.68073433133368,0,1,5705.447,-0.65593946,2,1,false,false,-15.08391,6.493294,10.4991455,3.0738385,-0.577627,3
30.94571,0.70506567,35.352253865784874,-80.68073268113648,0,1,5591.3965,-0.6071266,2,1,false,false,-15.492718,5.723959,10.158452,3.064007,-0.5975749,3
31.012465,0.70520765,35.3522582823333,-80.68073092081421,0,1,5651.999,-0.5730802,2,1,false,false,-16.018728,3.9262323,9.628025,3.0541635,-0.5778089,3
31.063635,0.7053501,35.35226278910519,-80.68072916049195,0,1,5777.8125,-0.53801453,2,1,false,false,-15.211696,3.8423665,8.876157,3.0448503,-0.5401934,3
31.12959,0.7054929,35.35226720592868,-80.68072729004463,0,1,5842.559,-0.5112792,2,1,false,false,-14.521867,5.1013675,8.7487545,3.036134,-0.5083706,3
31.214575,0.7056361,35.35227162247711,-80.68072541993304,0,1,5774.0405,-0.48060358,2,1,false,false,-14.365086,5.9880514,9.2166195,3.0277445,-0.49917063,3
31.300453,0.7057796,35.35227603902554,-80.68072343969641,0,1,5687.6416,-0.45694077,2,1,false,false,-15.323586,5.424077,10.085287,3.0194907,-0.4896098,3
31.365765,0.7059237,35.352280455849034,-80.68072145912402,0,1,5741.2607,-0.43342698,2,1,false,false,-16.50281,4.098772,10.491176,3.0114262,-0.4748434,3
31.419579,0.7060679,35.35228487239746,-80.68071947888737,0,1,5860.1626,-0.41838425,2,1,false,false,-15.999412,4.0365443,10.139371,3.003628,-0.46134356,3
31.481756,0.70621276,35.3522891989975,-80.68071738852568,0,1,5934.083,-0.4046576,2,1,false,false,-14.700319,4.648544,8.758104,2.9959214,-0.46762493,3
31.558113,0.7063579,35.352293615545925,-80.68071518837465,0,1,5906.0464,-0.39560348,2,1,false,false,-14.096602,5.3614874,8.882833,2.9879665,-0.48818526,3
31.633526,0.70650345,35.352298032094346,-80.68071309801294,0,1,5872.0264,-0.3856742,2,1,false,false,-14.390146,4.773609,9.342211,2.9797523,-0.49605125,3
31.69535,0.70664936,35.35230244891785,-80.68071078740113,0,1,5945.225,-0.37559888,2,1,false,false,-15.589869,4.088281,10.408821,2.9716692,-0.47151637,3
31.757122,0.7067956,35.35230686546627,-80.6807085872501,0,1,6029.1353,-0.36669248,2,1,false,false,-16.656963,4.8243537,11.296528,2.9640865,-0.4424169,3
31.839237,0.70694214,35.35231119206631,-80.68070627663828,0,1,6030.5234,-0.3561796,2,1,false,false,-16.62942,6.202108,11.20602,2.9567475,-0.44490346,3
31.936163,0.70708895,35.35231560861473,-80.68070385657288,0,1,5926.0063,-0.3482948,2,1,false,false,-16.085806,6.6810026,11.318841,2.949139,-0.47215024,3
32.027985,0.7072363,35.352319935214766,-80.68070143617173,0,1,5847.618,-0.34055722,2,1,false,false,-16.194588,5.6208873,11.1154175,2.9411597,-0.48453033,3
32.098057,0.70738393,35.352324351763194,-80.68069901577059,0,1,5914.5854,-0.33457145,2,1,false,false,-15.845886,4.483359,10.027676,2.933323,-0.45261917,3
32.16644,0.707532,35.35232867836323,-80.68069648524438,0,1,6007.989,-0.3259577,2,1,false,false,-14.947129,5.114283,9.116876,2.9262788,-0.3948236,3
32.257565,0.7076805,35.3523330046882,-80.68069384492885,0,1,6005.8843,-0.31530112,2,1,false,false,-14.029358,6.712507,9.015015,2.920103,-0.3509471,3
32.372513,0.70782936,35.35233742123662,-80.6806912042776,0,1,5873.464,-0.30595827,2,1,false,false,-12.764518,7.6483126,8.552546,2.9144778,-0.32291433,3
32.486263,0.7079787,35.35234174783666,-80.68068856396206,0,1,5742.9023,-0.30084813,2,1,false,false,-13.668358,6.7625504,9.453109,2.9093409,-0.2905811,3
32.571342,0.70812863,35.352346074436696,-80.68068592364655,0,1,5769.442,-0.30303866,2,1,false,false,-15.121116,4.882558,10.045963,2.9047055,-0.26210907,3
32.638172,0.7082789,35.35235049098512,-80.68068317320596,0,1,5887.983,-0.3125271,2,1,false,false,-14.617831,4.4893074,9.8000555,2.9004018,-0.25490782,3
32.711636,0.7084295,35.35235481758516,-80.68068031264032,0,1,5960.2285,-0.32435197,2,1,false,false,-13.579774,5.160609,9.109656,2.8959775,-0.27817488,3
32.799973,0.7085806,35.35235914391012,-80.68067745207468,0,1,5978.96,-0.3388049,2,1,false,false,-12.596669,5.8779216,8.918328,2.8910284,-0.31800714,3
32.89689,0.70873207,35.352363470510156,-80.68067459184476,0,1,5935.3433,-0.34917104,2,1,false,false,-11.956753,6.156522,8.650335,2.885423,-0.35366565,3
32.991653,0.708884,35.3523677971102,-80.68067162115406,0,1,5946.6016,-0.35807744,2,1,false,false,-12.12582,5.848524,8.618537,2.8794901,-0.35467863,3
33.083332,0.7090364,35.35237212343516,-80.68066865079909,0,1,5983.17,-0.36377236,2,1,false,false,-13.157934,5.912356,9.689514,2.8737226,-0.3396466,3
33.183495,0.70918924,35.352376450035194,-80.68066568044414,0,1,5960.405,-0.3662537,2,1,false,false,-13.161692,6.6235194,10.117007,2.868124,-0.3347716,3
33.29425,0.70934266,35.352380776635236,-80.68066259996411,0,1,5914.652,-0.3696126,2,1,false,false,-13.536907,7.0769343,10.209454,2.8625152,-0.33903268,3
33.400444,0.7094967,35.3523851029602,-80.68065951914834,0,1,5839.883,-0.37311676,2,1,false,false,-13.879131,6.2845125,10.425316,2.856908,-0.33029404,3
33.487705,0.7096512,35.35238942956023,-80.68065643866832,0,1,5865.3545,-0.37545285,2,1,false,false,-14.368614,5.0661983,10.249086,2.8515253,-0.31412435,3
33.56262,0.709806,35.35239366593681,-80.68065324839898,0,1,5981.8164,-0.3772052,2,1,false,false,-14.152071,4.7922645,10.288577,2.8463802,-0.30393207,3
33.645706,0.7099613,35.35239799226178,-80.68064994766883,0,1,6038.6504,-0.37793535,2,1,false,false,-14.001835,5.5769405,10.238126,2.8412774,-0.31114012,3
33.740906,0.710117,35.35240231886181,-80.68064664727443,0,1,6036.8164,-0.3780815,2,1,false,false,-13.103417,6.058604,9.832492,2.835908,-0.3348299,3
33.841972,0.7102733,35.35240655523839,-80.68064334688002,0,1,6046.938,-0.37749672,2,1,false,false,-13.023099,6.3944564,9.938783,2.8301203,-0.36102703,3
33.945328,0.71043026,35.35241088183842,-80.68064004614988,0,1,6076.995,-0.37559882,2,1,false,false,-12.848484,6.293548,9.66437,2.8239791,-0.37569854,3
34.04949,0.7105877,35.352415118215,-80.6806366356304,0,1,6073.9053,-0.37267882,2,1,false,false,-11.681276,6.517784,8.857911,2.8177533,-0.37007514,3
34.15793,0.71074563,35.35241944453997,-80.68063311498588,0,1,6046.2173,-0.37019676,2,1,false,false,-12.1034775,6.766885,9.63984,2.811713,-0.35594773,3
34.2644,0.7109041,35.352423680916544,-80.68062970446641,0,1,5984.7363,-0.36683786,2,1,false,false,-12.926624,6.3707523,10.107084,2.8059,-0.34238628,3
34.358692,0.71106315,35.35242791729312,-80.68062607403257,0,1,6033.5513,-0.36567023,2,1,false,false,-14.677942,5.5765285,11.685281,2.800229,-0.33884263,3
34.446953,0.71122277,35.352432153669696,-80.68062255338805,0,1,6084.006,-0.36610773,2,1,false,false,-14.700061,5.6296196,11.186487,2.79457,-0.34091586,3
34.54073,0.71138275,35.35243648026973,-80.68061892295421,0,1,6103.209,-0.36625382,2,1,false,false,-13.210554,5.9792194,9.8722105,2.788831,-0.34991866,3
34.640095,0.71154326,35.352440716646306,-80.68061529218461,0,1,6117.516,-0.36406383,2,1,false,false,-12.681524,6.1743426,9.455363,2.7829194,-0.35990235,3
34.738346,0.7117043,35.35244495302288,-80.6806115516257,0,1,6137.354,-0.35982984,2,1,false,false,-13.351146,5.98253,9.936662,2.7768793,-0.3675704,3
34.835735,0.7118657,35.35244918939946,-80.6806078110668,0,1,6153.6377,-0.35048544,2,1,false,false,-13.117001,6.027725,10.256865,2.770718,-0.37030056,3
34.934536,0.7120276,35.352453335552575,-80.68060396038284,0,1,6159.4033,-0.33865935,2,1,false,false,-11.863482,6.122955,8.896626,2.7646832,-0.3509849,3
35.03299,0.7121899,35.35245757192915,-80.68060021982393,0,1,6163.9893,-0.32537353,2,1,false,false,-11.402691,6.0525146,8.531134,2.7590299,-0.32859454,3
35.129185,0.71235263,35.352461808305726,-80.6805962590149,0,1,6183.601,-0.30727154,2,1,false,false,-11.383863,5.832649,8.994112,2.7536576,-0.31588796,3
35.222713,0.71251583,35.35246595445884,-80.68059240866668,0,1,6219.2163,-0.28800282,2,1,false,false,-12.551211,5.867041,10.440959,2.748402,-0.3139781,3
35.318268,0.7126795,35.35247019083542,-80.68058844785766,0,1,6246.7915,-0.27004895,2,1,false,false,-12.16545,5.9058614,9.779703,2.7431698,-0.3128726,3
35.413483,0.7128436,35.35247433698853,-80.68058448738437,0,1,6257.241,-0.2453826,2,1,false,false,-10.226065,5.8467293,8.76011,2.7379148,-0.31694707,3
35.51043,0.7130081,35.352478573365104,-80.68058041678603,0,1,6287.588,-0.22086395,2,1,false,false,-10.31399,5.872035,9.190756,2.7326126,-0.3185851,3
35.606144,0.71317303,35.352482719793294,-80.68057634585193,0,1,6333.1104,-0.18744673,2,1,false,false,-11.958483,5.9586234,11.685472,2.7272289,-0.32977477,3
35.7097,0.7133384,35.35248695616987,-80.68057227525358,0,1,6350.942,-0.15184417,2,1,false,false,-12.666819,6.5998263,12.757018,2.7216604,-0.33820507,3
35.8187,0.7135043,35.352491102322986,-80.68056809453017,0,1,6318.3486,-0.122810826,2,1,false,false,-11.633677,6.777119,10.53009,2.7161677,-0.32022095,3
35.92957,0.7136706,35.3524952484761,-80.68056391414252,0,1,6283.1772,-0.085028365,2,1,false,false,-9.806101,6.6486692,8.657436,2.7111943,-0.27621707,3
36.033863,0.7138373,35.35249939462921,-80.68055973341912,0,1,6287.5903,-0.043021634,2,1,false,false,-9.217933,6.2680526,9.343455,2.7070858,-0.21851082,3
36.132744,0.7140045,35.3525035410574,-80.68055544257064,0,1,6311.7593,-0.0053953943,2,1,false,false,-10.200302,5.9168773,11.461634,2.7039514,-0.15676682,3
36.230362,0.7141721,35.35250768721052,-80.68055115205792,0,1,6313.863,0.028288478,2,1,false,false,-9.052,6.0560675,10.885749,2.7018363,-0.09678834,3
36.33117,0.71434027,35.352511833363636,-80.68054686120945,0,1,6308.581,0.052783437,2,1,false,false,-6.829816,6.1382585,9.106154,2.700571,-0.056317125,3
36.426956,0.7145086,35.35251597979182,-80.68054257069673,0,1,6335.6416,0.07552709,2,1,false,false,-4.335703,5.444585,7.11609,2.6998346,-0.031943463,3
36.518475,0.71467733,35.352520125944935,-80.68053816972319,0,1,6407.849,0.08996001,2,1,false,false,-3.0440555,5.539864,7.993374,2.6994941,-0.0070354827,3
36.61304,0.7148465,35.35252427209805,-80.6805337690854,0,1,6460.8804,0.09958111,2,1,false,false,-2.750721,5.8233542,9.835418,2.6995828,0.017897198,3
36.717106,0.7150162,35.35252850847463,-80.68052936844762,0,1,6453.1274,0.10526633,2,1,false,false,-2.0197124,6.5090895,10.635168,2.700062,0.0389113,3
36.830097,0.7151863,35.352532654627744,-80.68052496780983,0,1,6427.465,0.10861865,2,1,false,false,-1.1933848,6.741089,9.892302,2.7008743,0.057594992,3
36.94,0.7153567,35.352536801055926,-80.68052056717205,0,1,6416.7495,0.11065945,2,1,false,false,-0.50625795,6.390744,9.5243435,2.7019784,0.07363878,3
37.045242,0.7155276,35.3525410374325,-80.6805160564092,0,1,6428.476,0.11299179,2,1,false,false,0.73464096,6.195674,10.020893,2.7033331,0.08763275,3
37.146774,0.7156989,35.35254527380908,-80.68051165577141,0,1,6443.319,0.11707315,2,1,false,false,0.79606247,5.9673643,10.153369,2.704863,0.094751865,3
37.247807,0.7158707,35.352549419962195,-80.68050714500858,0,1,6446.95,0.122758105,2,1,false,false,1.2767295,6.0428185,10.001511,2.7064633,0.098037325,3
37.34783,0.7160429,35.35255365633877,-80.68050263424573,0,1,6456.7954,0.12902606,2,1,false,false,2.5307276,5.8935566,10.188829,2.7081456,0.106651716,3
37.445766,0.7162154,35.35255798266374,-80.68049823360793,0,1,6491.326,0.13718845,2,1,false,false,4.555868,5.8056307,13.599383,2.7100885,0.12913628,3
37.542854,0.7163882,35.352562219040315,-80.68049372284509,0,1,6533.5586,0.14709942,2,1,false,false,5.2607393,5.676903,13.923589,2.7124743,0.15539144,3
37.64083,0.7165615,35.35256654564035,-80.68048921208224,0,1,6563.17,0.15540728,2,1,false,false,4.1195555,5.8495655,11.76926,2.7152429,0.16935226,3
37.741238,0.71673524,35.352570782016926,-80.68048470131939,0,1,6573.2153,0.16167384,2,1,false,false,3.917949,6.0217147,9.333141,2.7180686,0.16390763,3
37.84342,0.71690935,35.35257510847943,-80.68048030068161,0,1,6567.7383,0.16356838,2,1,false,false,4.748176,6.2361712,9.27321,2.7206945,0.14685674,3
37.94529,0.71708375,35.35257952516539,-80.68047578991876,0,1,6549.2705,0.1622571,2,1,false,false,5.382044,6.0128565,9.96273,2.722922,0.118121825,3
38.0435,0.71725863,35.35258385162789,-80.68047127915591,0,1,6530.6357,0.16079989,2,1,false,false,4.770282,5.898083,9.825224,2.724671,0.09625242,3
38.137234,0.7174339,35.35258826831385,-80.68046676839306,0,1,6541.3833,0.1618202,2,1,false,false,3.465361,5.4348,7.899178,2.7261999,0.09264255,3
38.221687,0.7176096,35.352592594776354,-80.68046225763021,0,1,6593.269,0.16575496,2,1,false,false,2.483534,4.8077273,5.894142,2.7277508,0.097862616,3
38.299236,0.71778566,35.352597011462315,-80.68045785699243,0,1,6672.138,0.17173027,2,1,false,false,2.8094106,4.530251,5.234042,2.7294497,0.11007799,3
38.372585,0.71796185,35.352601518234195,-80.68045334622958,0,1,6750.91,0.18120274,2,1,false,false,3.4655843,4.372894,6.015684,2.7314255,0.131517,3
38.448532,0.7181385,35.35260593478262,-80.68044883546673,0,1,6825.708,0.19213286,2,1,false,false,4.5068436,4.5820336,7.4823833,2.7338445,0.16305447,3
38.526394,0.7183155,35.352610351468584,-80.68044432470388,0,1,6887.473,0.20306176,2,1,false,false,5.290612,4.6472516,8.04166,2.736917,0.2078068,3
38.612423,0.7184928,35.35261485824047,-80.68043981427678,0,1,6933.618,0.21428216,2,1,false,false,6.010428,5.365346,8.696961,2.7407749,0.25482675,3
38.71208,0.7186705,35.35261936501236,-80.68043530351395,0,1,6945.5713,0.2205482,2,1,false,false,7.3728905,6.4086833,9.678424,2.7454312,0.29947573,3
38.826153,0.7188487,35.352623871784246,-80.68043090254041,0,1,6889.4995,0.22258817,2,1,false,false,8.722349,7.0139837,10.522435,2.7506444,0.31822923,3
38.948025,0.7190274,35.35262837855613,-80.6804263921133,0,1,6786.159,0.21967393,2,1,false,false,10.319011,7.302821,11.753089,2.7558732,0.30159205,3
39.062206,0.7192067,35.35263297541394,-80.68042188135045,0,1,6711.885,0.21413678,2,1,false,false,10.88981,6.534051,12.094378,2.7605958,0.26112953,3
39.1594,0.7193865,35.352637572409286,-80.68041748071268,0,1,6711.849,0.20961927,2,1,false,false,11.295556,5.411942,12.1038265,2.764533,0.2100698,3
39.242283,0.71956664,35.352642259353026,-80.68041307973914,0,1,6759.2188,0.20801626,2,1,false,false,10.857924,4.8586802,11.797725,2.7676663,0.17119022,3
39.322983,0.71974725,35.3526469464343,-80.68040867910135,0,1,6809.9546,0.21093099,2,1,false,false,9.571517,4.872807,10.89418,2.770378,0.15944858,3
39.406223,0.7199282,35.35265163351557,-80.68040427846357,0,1,6838.053,0.2164679,2,1,false,false,8.36029,5.0064235,9.046945,2.7730808,0.16759567,3
39.491467,0.72010964,35.352656320596836,-80.68039987782578,0,1,6854.883,0.22462784,2,1,false,false,7.641701,5.077882,7.8363805,2.7760153,0.1870035,3
39.57562,0.7202915,35.352661007540576,-80.680395477188,0,1,6884.5244,0.2333705,2,1,false,false,7.1815033,4.9748025,7.9906306,2.779334,0.2113555,3
39.65891,0.7204738,35.352665784707774,-80.68039107621446,0,1,6926.0464,0.2409471,2,1,false,false,7.9533753,4.8895574,9.254431,2.7830453,0.23645161,3
39.742836,0.7206566,35.352670561874966,-80.68038678570174,0,1,6953.014,0.2515834,2,1,false,false,8.112288,5.0186405,9.184764,2.7872305,0.26475608,3
39.82896,0.7208398,35.3526753391797,-80.68038238506396,0,1,6954.821,0.2614904,2,1,false,false,8.708236,5.1372733,9.115039,2.7918594,0.28816307,3
39.914864,0.72102344,35.35268020643282,-80.68037809421548,0,1,6956.4443,0.2712513,2,1,false,false,10.015741,5.065836,9.804566,2.7967954,0.30072805,3
39.99883,0.7212076,35.35268507368594,-80.6803736935777,0,1,6956.6577,0.27664185,2,1,false,false,11.536447,5.1532807,11.688,2.8018854,0.3054885,3
40.082127,0.7213923,35.3526899410766,-80.68036940272923,0,1,6953.704,0.2789731,2,1,false,false,12.149386,4.921966,12.100317,2.8068764,0.28943256,3
40.164715,0.7215774,35.35269480832972,-80.6803651122165,0,1,6951.414,0.27722502,2,1,false,false,11.777264,4.9809456,11.56497,2.8115165,0.267058,3
40.247753,0.72176284,35.35269976580631,-80.6803609314931,0,1,6953.239,0.2712513,2,1,false,false,11.840753,4.990646,11.439234,2.815858,0.25615853,3
40.249416,0.7219487,35.35270472328288,-80.68035664064463,0,1,6829.541,0.26425862,0,1,false,false,11.1063595,-4.6625547,10.601269,2.8199906,0.23620902,3
40.21288,0.72213435,35.35270968075947,-80.68035246025697,0,1,6436.0796,0.258431,3,1,false,false,11.109605,1.7198595,11.096707,2.8237658,0.22627537,3
40.33612,0.7223202,35.35271463823605,-80.68034827953356,0,1,5813.3735,0.25522518,3,1,false,false,8.180787,9.413699,10.541009,2.8279076,0.2812747,3
40.492443,0.7225068,35.352719685798554,-80.68034409881015,0,1,5480.097,0.2568283,3,1,false,false,8.540522,8.633005,9.621498,2.8331532,0.33973134,3
40.585594,0.72269404,35.352724733361065,-80.68033991808674,0,1,5704.6733,0.2616362,3,1,false,false,10.81332,3.4902654,8.322605,2.8388677,0.33341694,3
40.6188,0.72288144,35.35272978092357,-80.68033584748841,0,1,5809.8516,0.26804644,3,1,false,false,10.651948,2.5719714,9.187122,2.8440568,0.29020396,3
40.70012,0.72306913,35.35273491870954,-80.680331666765,0,1,5775.518,0.27620518,3,1,false,false,10.413894,5.6974325,10.083309,2.8487687,0.28147706,3
40.791107,0.72325724,35.35273996627205,-80.68032759616665,0,1,5737.5527,0.28727648,3,1,false,false,12.287323,5.2805,11.25912,2.8535144,0.29175982,3
40.87171,0.72344583,35.352745103920476,-80.6803235255683,0,1,5742.3135,0.29718298,3,1,false,false,13.157271,4.65659,11.87445,2.8585835,0.3163846,3
40.944595,0.7236347,35.35275033179237,-80.68031945496996,0,1,5785.804,0.30577725,3,1,false,false,13.924134,4.337817,12.021178,2.864068,0.33857283,3
41.017815,0.72382385,35.35275555966426,-80.68031538403586,0,1,5811.564,0.31029305,3,1,false,false,14.213661,4.5122647,11.597182,2.8698328,0.3487182,3
41.09661,0.7240133,35.352760787536155,-80.68031142356259,0,1,5803.5703,0.31058437,3,1,false,false,13.85829,5.014508,11.427374,2.875686,0.34689113,3
41.17706,0.72420335,35.352766015408044,-80.6803074630893,0,1,5787.3477,0.30708814,3,1,false,false,14.084091,4.8446736,11.242676,2.8813345,0.3270414,3
41.255177,0.7243936,35.352771333365865,-80.68030350228027,0,1,5787.1597,0.30097026,3,1,false,false,14.028991,4.6761713,10.851678,2.8865728,0.3009472,3
41.328934,0.7245842,35.35277665132368,-80.6802996515963,0,1,5805.461,0.29412383,3,1,false,false,13.209072,4.442308,9.697883,2.8913817,0.2785109,3
41.397766,0.7247752,35.352781969281494,-80.68029580091233,0,1,5828.357,0.29120985,3,1,false,false,13.647373,4.158155,10.654809,2.8960266,0.28603685,3
41.468964,0.7249665,35.35278728737685,-80.68029195056411,0,1,5848.3975,0.29295796,3,1,false,false,11.833979,4.4426107,9.89443,2.9009662,0.30697328,3
41.542942,0.7251583,35.35279269542059,-80.68028809988014,0,1,5870.6655,0.2968912,3,1,false,false,11.503204,4.4611044,9.445414,2.9062426,0.32434028,3
41.617107,0.72535026,35.35279810360187,-80.68028435932125,0,1,5888.2974,0.29995048,3,1,false,false,11.8452425,4.6234164,9.474661,2.9117913,0.3383647,3
41.69751,0.7255427,35.35280360186907,-80.68028050863728,0,1,5890.4893,0.30053294,3,1,false,false,13.139515,4.798812,11.38742,2.9174366,0.3335831,3
41.776005,0.72573555,35.35280910013628,-80.68027676807837,0,1,5870.885,0.29863936,3,1,false,false,12.509752,4.8269405,11.215411,2.9229026,0.31931606,3
41.85342,0.7259288,35.35281450818002,-80.68027313730879,0,1,5873.179,0.2948517,3,1,false,false,12.695603,4.6013875,11.134096,2.9281049,0.30462706,3
41.92588,0.7261224,35.35282009667068,-80.68026939674988,0,1,5897.234,0.28989893,3,1,false,false,13.079856,4.3591886,11.070086,2.9330976,0.29582772,3
41.997658,0.7263164,35.35282559493788,-80.68026576631604,0,1,5917.21,0.28465468,3,1,false,false,13.109309,4.4323535,11.521481,2.9380069,0.2935308,3
42.071655,0.7265107,35.35283118329101,-80.68026213554644,0,1,5922.304,0.27824455,3,1,false,false,13.021628,4.531802,10.504839,2.9429214,0.29654634,3
42.14627,0.7267054,35.352836771644135,-80.68025861523766,0,1,5926.4004,0.2721256,3,1,false,false,11.438833,4.534582,9.125736,2.9478302,0.28983492,3
42.220745,0.7269005,35.35284245022073,-80.68025498446808,0,1,5938.692,0.26513284,3,1,false,false,10.44439,4.526057,8.689805,2.9524808,0.26831847,3
42.294582,0.727096,35.35284803857385,-80.68025146382355,0,1,5954.4463,0.2591595,3,1,false,false,12.998451,4.425347,11.593719,2.9569383,0.27644622,3
42.36769,0.72729194,35.352853717150445,-80.68024794351477,0,1,5968.79,0.2558083,3,1,false,false,14.075303,4.4990106,13.6318445,2.9618306,0.31099492,3
42.44279,0.7274882,35.35285939572703,-80.68024442287025,0,1,5980.9526,0.25580826,3,1,false,false,13.286663,4.5830984,12.782986,2.967359,0.34365243,3
42.515903,0.7276849,35.35286516438954,-80.68024101235078,0,1,6000.7573,0.2566825,3,1,false,false,12.348691,4.496244,11.4192,2.9733577,0.36073774,3
42.593334,0.727882,35.35287093305205,-80.68023760183131,0,1,6016.347,0.25580826,3,1,false,false,15.071916,4.69167,13.204583,2.9794536,0.3485976,3
42.670444,0.72807944,35.35287670171457,-80.68023419131185,0,1,5988.632,0.2537689,3,1,false,false,15.701249,4.867082,13.736954,2.9850087,0.30291817,3
42.748814,0.7282773,35.35288247037708,-80.6802308905817,0,1,5959.7065,0.2515834,3,1,false,false,14.640621,4.7308455,13.215694,2.989663,0.2501032,3
42.821674,0.7284756,35.35288832912552,-80.6802275901873,0,1,5969.1694,0.2508549,3,1,false,false,13.43685,4.2842517,11.831483,2.9935038,0.21376722,3
42.889107,0.7286743,35.35289418801149,-80.68022428945714,0,1,6003.8896,0.25260335,3,1,false,false,11.783655,4.060319,10.763221,2.9969196,0.20079105,3
42.956715,0.7288734,35.35290004675993,-80.6802210991878,0,1,6029.5103,0.25639135,3,1,false,false,10.633976,4.1188374,9.71478,3.0002842,0.20925617,3
43.021397,0.7290728,35.35290590550837,-80.68021790858272,0,1,6043.7993,0.26149035,3,1,false,false,11.453684,4.070318,11.410894,3.0041673,0.25822276,3
43.0944,0.72927266,35.35291185448027,-80.68021471797763,0,1,6055.632,0.2680464,3,1,false,false,9.113881,4.470308,11.197055,3.0088022,0.2830844,3
43.16691,0.729473,35.352917803452165,-80.6802115277083,0,1,6060.2427,0.27416492,3,1,false,false,9.710504,4.29575,10.849032,3.0136666,0.2904219,3
43.23841,0.72967374,35.35292375242406,-80.68020844722827,0,1,6071.887,0.2759134,3,1,false,false,10.014711,4.5053754,11.317735,3.0186455,0.2948602,3
43.312557,0.7298749,35.352929791481884,-80.68020525662318,0,1,6075.0903,0.2744568,3,1,false,false,11.181441,4.4274726,12.0179205,3.023487,0.2786364,3
43.384624,0.7300765,35.35293574045379,-80.68020217614315,0,1,6058.545,0.27037728,3,1,false,false,10.461149,4.4727006,12.332341,3.0279891,0.26436046,3
43.45672,0.7302786,35.35294177951161,-80.68019920545245,0,1,6071.8833,0.26454982,3,1,false,false,10.378285,4.1889257,11.758514,3.0323746,0.26196423,3
43.522076,0.7304811,35.35294781856943,-80.68019612497243,0,1,6101.649,0.25726557,3,1,false,false,9.369702,3.9901855,9.60678,3.036642,0.25230068,3
43.590443,0.7306841,35.352953857627256,-80.68019315461746,0,1,6123.4014,0.2504173,3,1,false,false,8.098007,4.3111825,8.322535,3.0406609,0.23680401,3
43.661793,0.73088735,35.352959986771005,-80.6801901842625,0,1,6127.2847,0.24400708,3,1,false,false,8.715182,4.3748074,9.784912,3.044427,0.22958292,3
43.733273,0.7310913,35.35296602596636,-80.68018721357178,0,1,6129.5127,0.23992708,3,1,false,false,8.396991,4.3059087,9.1129,3.0481324,0.23118006,3
43.801224,0.73129565,35.35297215511011,-80.68018424321683,0,1,6155.813,0.23861587,3,1,false,false,7.8602114,4.067772,7.529057,3.0519886,0.24388428,3
43.865303,0.7315004,35.35297828425386,-80.68018138265118,0,1,6200.9404,0.23934466,3,1,false,false,7.335225,3.9150255,7.261706,3.056109,0.25947914,3
43.9354,0.7317056,35.352984503621066,-80.68017841229621,0,1,6234.184,0.2409471,3,1,false,false,8.78979,4.3318186,9.126123,3.0605311,0.27648553,3
44.009666,0.7319115,35.352990632902355,-80.68017555173057,0,1,6224.8315,0.24225861,3,1,false,false,9.462874,4.6509037,9.736531,3.0652733,0.2925475,3
44.088078,0.73211807,35.35299685226956,-80.68017269150067,0,1,6209.175,0.2422586,3,1,false,false,10.653629,4.733502,10.432537,3.0702834,0.30732793,3
44.16327,0.7323252,35.35300307149923,-80.68016994106009,0,1,6218.1294,0.23934464,3,1,false,false,11.971193,4.481327,11.999193,3.0755794,0.31959945,3
44.235634,0.7325327,35.35300929086644,-80.68016708049444,0,1,6232.437,0.2322047,3,1,false,false,12.536751,4.379902,12.084777,3.0810273,0.31836733,3
44.307873,0.7327406,35.353015510233654,-80.68016433005386,0,1,6230.5293,0.22142243,3,1,false,false,11.436655,4.478575,11.240822,3.0862381,0.29398432,3
44.381042,0.73294896,35.35302181968678,-80.68016168973834,0,1,6226.519,0.20714259,3,1,false,false,12.165344,4.4292326,11.422099,3.0909173,0.26194185,3
44.452675,0.73315775,35.353028129277455,-80.68015893929775,0,1,6228.222,0.18863532,3,1,false,false,12.14577,4.3208046,12.7271385,3.0950353,0.23255695,3
44.523266,0.73336697,35.35303443873059,-80.68015629864648,0,1,6232.338,0.16458914,3,1,false,false,10.772511,4.346609,10.804014,3.098622,0.20391881,3
44.59417,0.7335765,35.35304074818372,-80.68015365833097,0,1,6242.8516,0.14418437,3,1,false,false,9.248228,4.2548146,10.039901,3.1017838,0.18510963,3
44.66412,0.73378634,35.353047147722776,-80.68015112780475,0,1,6267.123,0.12625645,3,1,false,false,7.8193874,4.23033,9.244213,3.1047688,0.17762601,3
44.73411,0.7339966,35.35305354739938,-80.68014848748923,0,1,6287.4785,0.11007647,3,1,false,false,6.8489423,4.2601385,8.66696,3.1075954,0.16448836,3
44.806377,0.73420733,35.35305994707597,-80.68014595696303,0,1,6295.3213,0.100018084,3,1,false,false,6.391017,4.4071674,8.883351,3.110203,0.15345418,3
44.88121,0.73441845,35.35306634661502,-80.68014342677257,0,1,6304.8574,0.095353425,3,1,false,false,5.8707585,4.561109,9.141056,3.1126745,0.14268003,3
44.956375,0.7346298,35.35307274629162,-80.68014089624636,0,1,6308.0195,0.09535344,3,1,false,false,6.236743,4.4568586,9.692874,3.1149266,0.12978563,3
45.031296,0.7348417,35.35307914583068,-80.68013836572015,0,1,6312.393,0.09885207,3,1,false,false,5.7878275,4.5167055,10.548429,3.1170723,0.1257972,3
45.105743,0.7350541,35.353085635593196,-80.68013594531901,0,1,6325.1646,0.10482849,3,1,false,false,5.0828247,4.3499694,9.666904,3.119148,0.11712749,3
45.178555,0.73526675,35.353092125355715,-80.68013341512855,0,1,6326.5815,0.11051372,3,1,false,false,5.216812,4.3871536,9.315848,3.1210086,0.106663354,3
45.252956,0.7354798,35.353098615118235,-80.6801309947274,0,1,6330.0205,0.11576137,3,1,false,false,5.3722477,4.4478283,10.671766,3.1227274,0.10330804,3
45.32585,0.7356933,35.353105104880754,-80.68012857432626,0,1,6333.9854,0.1188225,3,1,false,false,5.526947,4.293455,11.036841,3.1244035,0.10454244,3
45.397625,0.7359072,35.35311159464327,-80.68012604380006,0,1,6341.7056,0.119842745,3,1,false,false,4.511486,4.2522225,10.082511,3.1261308,0.10890962,3
45.468235,0.73612136,35.35311817449172,-80.68012373352397,0,1,6367.426,0.11926,3,1,false,false,4.09315,4.140378,9.28298,3.1279874,0.114822,3
45.53818,0.7363359,35.35312466425424,-80.68012131312283,0,1,6388.827,0.116490416,3,1,false,false,4.4095097,4.1992493,9.351663,3.129912,0.117684044,3
45.61135,0.73655087,35.35313124410268,-80.68011889272168,0,1,6394.067,0.1129918,3,1,false,false,4.206875,4.4502125,9.783093,3.1318705,0.118624315,3
45.68665,0.73676634,35.35313782408866,-80.68011647232055,0,1,6392.3423,0.10978522,3,1,false,false,4.2897143,4.439734,10.612043,3.133852,0.11970856,3
45.760212,0.736982,35.3531444039371,-80.68011416204446,0,1,6398.336,0.10745261,3,1,false,false,3.7144575,4.303173,9.778843,3.1358435,0.11709278,3
45.83219,0.73719805,35.35315098378555,-80.68011174164332,0,1,6417.107,0.105849065,3,1,false,false,4.116205,4.242583,9.871859,3.1377828,0.11337598,3
45.903816,0.73741454,35.35315765385745,-80.68010943136724,0,1,6430.41,0.1041003,3,1,false,false,3.5824697,4.2686715,9.879538,3.1396637,0.108687215,3
45.976677,0.73763144,35.3531642337059,-80.68010712075541,0,1,6432.1216,0.101913154,3,1,false,false,4.2923846,4.333725,10.167094,3.1414244,0.10379678,3
46.05028,0.7378486,35.3531709037778,-80.68010481047932,0,1,6431.855,0.1000181,3,1,false,false,3.9587672,4.353651,10.732274,-3.1400776,0.10082081,3
46.122486,0.73806614,35.353177573712166,-80.68010250020325,0,1,6444.375,0.09826876,3,1,false,false,3.6440578,4.221826,10.931558,-3.1384196,0.098900266,3
46.19258,0.7382841,35.35318424378407,-80.68010018959141,0,1,6461.923,0.09652002,3,1,false,false,3.471138,4.1368146,10.527972,-3.1367626,0.09779934,3
46.263573,0.7385024,35.353190913855975,-80.68009787931533,0,1,6477.986,0.09535345,3,1,false,false,3.394095,4.205244,10.3517,-3.1350818,0.09858838,3
46.33494,0.73872095,35.353197674013806,-80.68009556903925,0,1,6483.6396,0.09243783,3,1,false,false,3.1478405,4.264438,10.329169,-3.1333935,0.097853705,3
46.408154,0.73893994,35.35320434394818,-80.68009336855249,0,1,6484.8335,0.089085236,3,1,false,false,3.6130428,4.3651533,12.141073,-3.1317098,0.09863559,3
46.48093,0.7391592,35.35321110410601,-80.6800910582764,0,1,6490.7334,0.08616961,3,1,false,false,3.0496125,4.2389874,12.243449,-3.1299543,0.099642895,3
46.550484,0.739379,35.353217774177914,-80.68008885778964,0,1,6502.211,0.083836965,3,1,false,false,2.1297507,4.0149784,9.2476425,-3.1282225,0.0905789,3
46.61835,0.73959893,35.35322453433574,-80.68008654751355,0,1,6514.0737,0.080775596,3,1,false,false,2.9901705,4.0886235,9.146113,-3.1268225,0.07472342,3
46.688126,0.7398193,35.35323129449357,-80.68008434702679,0,1,6518.711,0.078880265,3,1,false,false,3.040928,4.1979046,12.250376,-3.1256468,0.06979434,3
46.756817,0.74003994,35.353238144737325,-80.68008214687578,0,1,6516.7153,0.07946381,3,1,false,false,2.789346,4.0757957,11.725824,-3.124591,0.065250374,3
46.822914,0.7402609,35.353244904895156,-80.680079946389,0,1,6539.894,0.08194161,3,1,false,false,2.0034873,3.6473207,9.879215,-3.12347,0.070816584,3
46.887566,0.7404823,35.353251755276446,-80.68007774623798,0,1,6591.138,0.08427452,3,1,false,false,1.9917452,3.899761,10.1798315,-3.1220992,0.08195431,3
46.954487,0.7407039,35.35325851543427,-80.68007554575122,0,1,6601.712,0.08587781,3,1,false,false,1.9165081,4.097536,9.351371,-3.1205893,0.08714987,3
47.028206,0.7409258,35.35326536567803,-80.68007334526445,0,1,6570.34,0.08719012,3,1,false,false,2.0647182,4.475793,10.570803,-3.1191266,0.08694208,3
47.101444,0.7411482,35.353272215921784,-80.6800712552385,0,1,6557.788,0.08850192,3,1,false,false,2.1003184,4.1954165,10.739689,-3.117696,0.08771207,3
47.16825,0.7413708,35.353279066303074,-80.68006905475173,0,1,6582.217,0.09025125,3,1,false,false,2.451468,3.8356006,11.478301,-3.116268,0.08743192,3
47.232452,0.74159366,35.353285916546824,-80.68006685426496,0,1,6615.864,0.09302111,3,1,false,false,2.41792,3.7780066,10.314749,-3.1147346,0.09198773,3
47.297707,0.74181694,35.35329276679058,-80.68006476390326,0,1,6633.19,0.096082225,3,1,false,false,2.6280465,3.9446099,9.808975,-3.113067,0.09686477,3
47.36631,0.7420405,35.3532997072578,-80.68006256375224,0,1,6629.569,0.09958114,3,1,false,false,3.4152122,4.1344476,10.565999,-3.1113358,0.10242834,3
47.436687,0.74226445,35.353306647725006,-80.68006047339054,0,1,6623.102,0.10453731,3,1,false,false,3.2769823,4.134332,11.708585,-3.109553,0.10557455,3
47.50435,0.7424887,35.35331349796876,-80.68005838302884,0,1,6626.0835,0.1121173,3,1,false,false,3.628436,3.9256372,11.272451,-3.1077523,0.10816621,3
47.569977,0.74271315,35.35332043843598,-80.68005629266713,0,1,6642.86,0.12100876,3,1,false,false,4.1115403,3.8328958,11.660375,-3.1058633,0.114473246,3
47.63451,0.7429381,35.353327378903195,-80.68005420230543,0,1,6662.6533,0.12800576,3,1,false,false,4.2133265,3.8085597,11.838364,-3.1037698,0.12503834,3
47.700108,0.7431632,35.35333431923287,-80.68005211194372,0,1,6669.7837,0.13660519,3,1,false,false,4.4749217,3.950627,11.706329,-3.1014686,0.13488689,3
47.767204,0.74338865,35.353341349786014,-80.68005002158202,0,1,6671.643,0.14301862,3,1,false,false,4.4930935,4.0026217,11.270408,-3.0990002,0.14201744,3
47.832535,0.74361277,35.35334829025322,-80.68004804134537,0,1,6674.284,0.14724514,3,1,false,false,4.5052347,3.7756324,10.022457,-3.0965338,0.14113809,3
47.895287,0.7438369,35.353355320806365,-80.68004595098367,0,1,6681.9565,0.14943115,3,1,false,false,5.059789,3.7187438,10.546111,-3.0942109,0.13936892,3
47.9571,0.7440613,35.35336235135951,-80.68004397074704,0,1,6694.298,0.15030566,3,1,false,false,5.140465,3.6897922,10.796566,-3.0919638,0.14135103,3
48.0192,0.74428594,35.35336938191264,-80.68004199051039,0,1,6705.664,0.151326,3,1,false,false,5.173639,3.75041,10.539149,-3.0896785,0.14686938,3
48.083282,0.7445107,35.35337641260332,-80.680040009938,0,1,6721.51,0.15249227,3,1,false,false,5.170079,3.8016856,10.400208,-3.087225,0.15565199,3
48.14676,0.74473584,35.35338344315646,-80.68003813982642,0,1,6742.098,0.15307501,3,1,false,false,5.0910916,3.738482,10.035448,-3.0845122,0.16558044,3
48.21085,0.74496114,35.3533904737096,-80.68003615958978,0,1,6754.0874,0.15292926,3,1,false,false,5.499687,3.8249424,10.30408,-3.081609,0.17341132,3
48.2763,0.74518675,35.353397594348664,-80.68003428914245,0,1,6756.581,0.15147199,3,1,false,false,5.711802,3.9046497,10.942976,-3.0785809,0.17692247,3
48.341393,0.7454125,35.353404624901806,-80.68003241903088,0,1,6756.477,0.14943118,3,1,false,false,6.176512,3.831179,11.117051,-3.075548,0.17656967,3
48.40572,0.74563855,35.35341174567841,-80.68003054858355,0,1,6760.9497,0.14768273,3,1,false,false,6.3362207,3.806533,12.135395,-3.0725665,0.17308046,3
48.468895,0.74586487,35.35341886631747,-80.68002867813622,0,1,6770.4097,0.1460791,3,1,false,false,6.000539,3.6983905,11.526922,-3.0696576,0.16705766,3
48.53097,0.7460914,35.35342598709407,-80.68002680802465,0,1,6781.0327,0.14389312,3,1,false,false,6.3164577,3.6928701,10.809226,-3.0668576,0.16221604,3
48.59265,0.74631816,35.35343319781906,-80.68002504770239,0,1,6789.4717,0.14199832,3,1,false,false,6.1845245,3.6821187,11.076166,-3.0641632,0.15839171,3
48.655197,0.74654514,35.35344031859566,-80.68002328738012,0,1,6795.4883,0.13981178,3,1,false,false,6.102459,3.6917,11.901041,-3.06153,0.15730779,3
48.717518,0.74677235,35.35344752945819,-80.68002152705786,0,1,6802.363,0.13835451,3,1,false,false,5.579385,3.6610954,10.943284,-3.0588987,0.15655793,3
48.77923,0.7469998,35.35345465009725,-80.6800197667356,0,1,6815.1445,0.13748002,3,1,false,false,5.4351463,3.6537557,10.848206,-3.0562627,0.15720016,3
48.840267,0.7472275,35.353461860959776,-80.68001811653839,0,1,6829.5977,0.13718852,3,1,false,false,5.6523275,3.5630646,10.360701,-3.0535715,0.15842447,3
48.900852,0.7474554,35.353469071822296,-80.68001646634119,0,1,6837.481,0.13718848,3,1,false,false,5.3706,3.6427047,10.405792,-3.0509393,0.15400979,3
48.963203,0.7476835,35.35347628254729,-80.68001470601892,0,1,6839.9214,0.13718848,3,1,false,false,5.1912374,3.7207136,10.319909,-3.0484138,0.15043241,3
48.953796,0.7479118,35.35348358363327,-80.68001305582172,0,1,6816.347,0.13747996,0,1,false,false,5.366266,-4.845777,10.304097,-3.0460029,0.14863789,3
48.915615,0.74813974,35.353490794358265,-80.68001151541384,0,1,6331.073,0.13747999,4,1,false,false,5.5127077,1.8131071,10.759107,-3.0436192,0.15575625,3
49.052193,0.74836797,35.353498005220786,-80.68000986521663,0,1,5578.982,0.13733426,4,1,false,false,4.8900394,9.352015,11.561144,-3.0407243,0.18913263,3
49.164944,0.7485967,35.35350530616924,-80.6800083251445,0,1,5557.8486,0.13631392,4,1,false,false,6.448003,4.6726146,10.35164,-3.0372593,0.20054604,3
49.18597,0.7488258,35.35351251703176,-80.68000678473662,0,1,5688.5073,0.13252436,4,1,false,false,5.753847,0.05581249,10.098507,-3.0339358,0.17950417,3
49.228508,0.74905485,35.353519817980214,-80.68000524466447,0,1,5754.894,0.12640217,4,1,false,false,5.8837214,3.4721177,11.316466,-3.031119,0.1574684,3
49.289326,0.74928415,35.35352711892866,-80.68000370425659,0,1,5702.33,0.11751072,4,1,false,false,5.7582026,3.865873,11.41525,-3.028592,0.14823306,3
49.355576,0.74951375,35.35353442001465,-80.68000216418444,0,1,5657.624,0.10774411,4,1,false,false,6.0125456,3.6367476,12.261673,-3.026112,0.14482954,3
49.407417,0.7497435,35.3535417209631,-80.68000073390162,0,1,5705.9937,0.09710273,4,1,false,false,5.336732,2.6987677,11.240179,-3.0236228,0.13909818,3
49.45482,0.7499735,35.353549111997474,-80.6799993036188,0,1,5744.7383,0.08719016,4,1,false,false,4.5878196,2.9287386,11.41289,-3.0212638,0.12795557,3
49.51158,0.75020367,35.35355641294592,-80.67999787333598,0,1,5721.548,0.076110385,4,1,false,false,3.4398358,3.5048475,10.47182,-3.0191655,0.11206794,3
49.57061,0.75043404,35.35356380411783,-80.67999644305316,0,1,5703.0684,0.06925859,4,1,false,false,3.23584,3.3476057,11.114628,-3.0174525,0.0945716,3
49.623028,0.75066465,35.353571195152206,-80.67999512289539,0,1,5723.027,0.06488457,4,1,false,false,3.2251968,2.9348247,11.344543,-3.015987,0.08589966,3
49.67366,0.7508955,35.35357849623819,-80.67999369261257,0,1,5748.323,0.0643013,4,1,false,false,2.5855174,3.0142598,10.221011,-3.0145872,0.08229157,3
49.728992,0.7511264,35.35358588727257,-80.6799923724548,0,1,5751.568,0.06677993,4,1,false,false,2.2198687,3.32879,10.206725,-3.0131638,0.08139996,3
49.78582,0.7513577,35.35359327844448,-80.67999105229705,0,1,5751.4707,0.07086186,4,1,false,false,1.8169925,3.2667272,10.7316,-3.0117197,0.07877786,3
49.842075,0.7515892,35.35360066947886,-80.67998973213929,0,1,5753.298,0.07669366,4,1,false,false,2.250712,3.3161306,10.766431,-3.0103157,0.07794666,3
49.897568,0.7518208,35.35360815073669,-80.67998830185647,0,1,5763.0996,0.081795864,4,1,false,false,2.026208,3.1867342,10.509478,-3.008899,0.079813704,3
49.95196,0.7520526,35.3536155419086,-80.67998709148802,0,1,5770.444,0.08558629,4,1,false,false,2.0244799,3.2258284,10.937667,-3.0074582,0.08569183,3
50.006695,0.75228477,35.3536230230289,-80.67998577133027,0,1,5773.363,0.08850191,4,1,false,false,2.086314,3.2060106,10.969874,-3.0059395,0.09126483,3
50.0617,0.75251704,35.353630414200815,-80.6799844511725,0,1,5779.5894,0.09010575,4,1,false,false,2.3455927,3.2446284,11.708454,-3.0043533,0.097250745,3
50.116787,0.75274956,35.35363789545865,-80.6799832411398,0,1,5789.083,0.09025123,4,1,false,false,2.6420958,3.1631327,11.321022,-3.0025792,0.10503208,3
50.170227,0.7529823,35.353645376716486,-80.6799819206463,0,1,5796.886,0.08952221,4,1,false,false,2.2372224,3.0904467,9.873061,-3.0007062,0.104421265,3
50.224255,0.75321525,35.35365276775086,-80.67998071061359,0,1,5798.7407,0.087335914,4,1,false,false,2.167454,3.207048,9.805769,-2.99895,0.10023147,3
50.27858,0.7534485,35.35366024900869,-80.67997950024515,0,1,5802.0776,0.08471149,4,1,false,false,2.2058172,3.1535516,10.72325,-2.9973533,0.09558955,3
50.332085,0.75368184,35.353667820352456,-80.67997829021245,0,1,5805.3247,0.08237945,4,1,false,false,2.217273,3.1139755,9.397692,-2.9959064,0.09242862,3
50.38547,0.7539155,35.35367530161029,-80.67997707984401,0,1,5818.5312,0.08135892,4,1,false,false,2.0944195,3.1010115,9.925488,-2.9944239,0.094428085,3
50.43798,0.7541494,35.35368278286813,-80.6799758698113,0,1,5835.827,0.08179588,4,1,false,false,2.143696,3.0676887,10.533344,-2.9928324,0.09595308,3
50.492374,0.7543834,35.353690354211885,-80.67997465977861,0,1,5840.423,0.08325397,4,1,false,false,2.5165014,3.2756546,10.148382,-2.9911535,0.0981401,3
50.54892,0.7546177,35.35369783546972,-80.67997355953523,0,1,5842.223,0.085002996,4,1,false,false,2.4076715,3.2747324,11.0432,-2.9893622,0.10103713,3
50.604637,0.7548523,35.35370540681348,-80.67997234916677,0,1,5846.077,0.0876271,4,1,false,false,2.6183531,3.2020094,11.7056875,-2.9874704,0.10506643,3
50.657963,0.7550872,35.35371297829477,-80.6799712489234,0,1,5852.1245,0.08952219,4,1,false,false,2.9159503,3.0866568,11.264016,-2.9855213,0.1068572,3
50.711605,0.75532264,35.35372045955261,-80.67997014901576,0,1,5859.104,0.09185509,4,1,false,false,2.8539393,3.1441195,11.305933,-2.983574,0.10813585,3
50.76655,0.75555825,35.35372803089637,-80.67996904877238,0,1,5859.966,0.09345807,4,1,false,false,2.6163855,3.1263735,12.161688,-2.981706,0.105578415,3
50.818893,0.75579417,35.353735602240135,-80.679967948529,0,1,5862.6855,0.09491618,4,1,false,false,3.0264235,3.03781,11.0281725,-2.979901,0.10584806,3
50.871,0.7560305,35.353743263738586,-80.67996695841067,0,1,5873.7725,0.09579098,4,1,false,false,3.2450745,3.0412972,11.684558,-2.9780817,0.1094578,3
50.923683,0.75626725,35.35375083515111,-80.6799658581673,0,1,5882.0938,0.09710276,4,1,false,false,2.9091582,2.949668,11.183658,-2.9761925,0.11113478,3
50.9754,0.7565041,35.353758406494876,-80.67996486804897,0,1,5879.4326,0.09826879,4,1,false,false,3.3248758,3.1178966,11.527942,-2.9743247,0.11144771,3
51.027634,0.75674117,35.35376606799333,-80.67996387793065,0,1,5893.449,0.099872336,4,1,false,false,2.9033515,2.9900153,12.533941,-2.972324,0.118444964,3
51.079884,0.75697845,35.35377363940585,-80.67996288781232,0,1,5914.2427,0.10162195,4,1,false,false,3.6416078,3.0138927,12.794295,-2.9700115,0.1289857,3
51.132343,0.75721586,35.35378130090431,-80.679961897694,0,1,5918.3267,0.101913184,4,1,false,false,2.5630217,3.1166043,9.101406,-2.967502,0.12707543,3
51.18485,0.75745356,35.35378896240276,-80.67996090757569,0,1,5909.35,0.101767436,4,1,false,false,3.5342994,3.0855312,10.039366,-2.965257,0.12166793,3
51.23679,0.75769126,35.353796623969984,-80.67996002724668,0,1,5908.721,0.10118412,4,1,false,false,3.6821518,2.9500024,12.655741,-2.963325,0.11845773,3
51.28576,0.75792927,35.353804285468435,-80.67995903712836,0,1,5920.794,0.10176741,4,1,false,false,3.637969,2.9120874,11.835377,-2.9614856,0.1239414,3
51.335728,0.7581675,35.353811946966886,-80.6799581571351,0,1,5945.5337,0.10293373,4,1,false,false,2.9880068,2.8687053,10.322426,-2.9593477,0.13354163,3
51.386364,0.75840586,35.35381960846534,-80.67995727680609,0,1,5962.895,0.103079185,4,1,false,false,4.004325,3.0999444,12.535698,-2.9569201,0.14618324,3
51.44437,0.7586444,35.35382736011849,-80.67995639681284,0,1,5954.408,0.10278795,4,1,false,false,3.7429872,3.5079727,11.561999,-2.9542055,0.15015726,3
51.50281,0.7588832,35.35383502161694,-80.6799556266089,0,1,5935.324,0.10176743,4,1,false,false,4.4826107,3.3743181,12.26074,-2.9514797,0.14350857,3
51.555428,0.7591222,35.35384277327009,-80.67995474627989,0,1,5940.754,0.10103866,4,1,false,false,4.1999073,2.937305,12.8041935,-2.9487662,0.13900028,3
51.603565,0.7593614,35.35385043476854,-80.6799539764117,0,1,5961.866,0.10103865,4,1,false,false,3.8645978,2.7402244,11.641299,-2.9462066,0.12720244,3
51.652496,0.7596007,35.35385818642168,-80.67995320620776,0,1,5960.8657,0.10162194,4,1,false,false,3.7312834,3.0341034,11.271154,-2.9440691,0.11292214,3
51.702316,0.7598403,35.35386593807483,-80.6799524360038,0,1,5954.8545,0.10351701,4,1,false,false,3.8161466,2.7806754,14.96549,-2.9421544,0.11790979,3
51.749714,0.76008004,35.353873689727976,-80.67995177592493,0,1,5967.786,0.106286615,4,1,false,false,3.1720676,2.9623423,12.373927,-2.9401324,0.12621365,3
51.798492,0.76031995,35.35388144138112,-80.67995100572098,0,1,5998.1187,0.10949345,4,1,false,false,3.9580326,2.7591243,9.42269,-2.937908,0.13568361,3
51.849663,0.7605601,35.35388919303427,-80.6799503456421,0,1,6009.1826,0.11299181,4,1,false,false,4.275479,3.199002,14.183311,-2.9353201,0.15447672,3
51.902935,0.7608004,35.35389694468741,-80.67994968556323,0,1,5987.149,0.11823977,4,1,false,false,3.835022,3.255574,12.18384,-2.9324896,0.15622988,3
51.955177,0.7610409,35.35390478649525,-80.67994902548435,0,1,5997.124,0.12290358,4,1,false,false,5.276104,2.825724,10.9075365,-2.929591,0.15955079,3
52.004414,0.76128167,35.353912538079626,-80.67994847553052,0,1,6023.7295,0.12858823,4,1,false,false,6.428151,2.932685,14.200138,-2.9265337,0.16885272,3
52.05298,0.7615226,35.35392037988747,-80.67994792524097,0,1,6009.2065,0.13456489,4,1,false,false,4.9728565,3.0353959,12.511289,-2.9234338,0.1684261,3
52.103092,0.76176375,35.35392813154061,-80.67994737528714,0,1,6005.6904,0.13981177,4,1,false,false,6.4519253,2.8917208,12.612118,-2.92044,0.1716156,3
52.150093,0.7620051,35.35393597334845,-80.67994682533332,0,1,6026.31,0.14549607,4,1,false,false,6.6594,2.792429,13.819817,-2.9173648,0.1816442,3
52.197388,0.7622466,35.353943815087526,-80.67994627504376,0,1,6035.9165,0.14972292,4,1,false,false,7.266556,2.8541133,13.988426,-2.9141111,0.19254595,3
52.24741,0.76248837,35.35395165689536,-80.67994583487926,0,1,6041.6377,0.15482399,4,1,false,false,6.2014227,2.807598,12.509073,-2.910521,0.20387934,3
52.295906,0.76273036,35.3539594987032,-80.6799453950505,0,1,6047.988,0.15890509,4,1,false,false,7.046498,2.7784827,11.613077,-2.906792,0.20961481,3
52.34542,0.7629725,35.35396734044227,-80.67994506501105,0,1,6053.4624,0.16065355,4,1,false,false,8.815638,3.007371,14.812578,-2.9029977,0.22436608,3
52.39259,0.7632148,35.35397518225011,-80.67994462484656,0,1,6056.5327,0.16284013,4,1,false,false,7.5666385,2.7168155,12.498821,-2.8990405,0.22379099,3
52.439617,0.7634574,35.35398311414387,-80.67994429480711,0,1,6066.93,0.16473496,4,1,false,false,8.668673,2.8241792,11.996083,-2.8951747,0.22538634,3
52.49207,0.76370025,35.35399095595171,-80.67994407489275,0,1,6084.951,0.16706641,4,1,false,false,10.443911,3.058663,16.931898,-2.8910422,0.24376516,3
52.539757,0.76394325,35.35399888784547,-80.67994385464262,0,1,6069.4756,0.17070994,4,1,false,false,8.363595,2.992751,13.172951,-2.8867278,0.24191236,3
52.586346,0.7641865,35.354006729653314,-80.67994363472823,0,1,6085.214,0.17406228,4,1,false,false,10.78177,2.413705,14.377535,-2.8821857,0.26116535,3
52.632526,0.76443,35.354014661547076,-80.67994341447812,0,1,6116.4414,0.17683077,4,1,false,false,10.336734,2.6630454,13.1541,-2.8775365,0.24617538,3
52.678387,0.7646737,35.354022593509605,-80.67994330468879,0,1,6086.724,0.17653927,4,1,false,false,10.4189625,2.9952204,14.460314,-2.8731875,0.25824064,3
52.72855,0.76491755,35.354030435248674,-80.67994330468879,0,1,6086.417,0.17595676,4,1,false,false,7.571493,2.6369216,13.026514,-2.868834,0.2389967,3
52.768967,0.76516163,35.35403836721121,-80.67994319456373,0,1,6103.9395,0.1730414,4,1,false,false,7.4491463,2.287095,10.746355,-2.8648045,0.24271756,3
52.81537,0.765406,35.35404629910497,-80.67994319456373,0,1,6137.264,0.16939847,4,1,false,false,10.068132,2.9845662,12.3143215,-2.8608415,0.23231731,3
52.864075,0.7656505,35.354054230998734,-80.67994330468879,0,1,6117.8496,0.16633762,4,1,false,false,9.91886,3.1601322,13.802857,-2.8569508,0.24810004,3
52.91688,0.7658953,35.35406225304719,-80.67994330468879,0,1,6124.497,0.16706641,4,1,false,false,8.482277,2.8655071,12.860176,-2.8525455,0.25502992,3
52.96117,0.76614034,35.354070185009725,-80.67994341447812,0,1,6152.78,0.16837847,4,1,false,false,9.749166,2.7385213,13.649758,-2.8477688,0.27199784,3
53.01187,0.76638556,35.35407811690349,-80.67994363472823,0,1,6166.8374,0.1688155,4,1,false,false,10.546374,3.1520827,13.115881,-2.842775,0.25762033,3
53.06253,0.766631,35.35408604879725,-80.67994385464262,0,1,6123.371,0.16808671,4,1,false,false,9.288345,3.0316958,14.50117,-2.8381186,0.2508098,3
53.112732,0.76687676,35.354094070845704,-80.67994407489275,0,1,6119.475,0.16648372,4,1,false,false,13.150006,2.6375628,15.778549,-2.8338692,0.23324043,3
53.15803,0.76712275,35.35410200280824,-80.67994440493219,0,1,6149.3477,0.1647349,4,1,false,false,8.781328,2.5766754,15.832779,-2.829654,0.24251816,3
53.19943,0.7673689,35.354110024856695,-80.67994473497161,0,1,6166.6914,0.16429739,4,1,false,false,11.156647,2.3406248,13.566416,-2.8253486,0.23364182,3
53.243504,0.7676153,35.35411804690515,-80.67994517480038,0,1,6165.488,0.1642974,4,1,false,false,7.2284803,2.8785257,11.651197,-2.8211527,0.23223883,3
53.2965,0.76786196,35.35412597879891,-80.67994550483982,0,1,6163.3145,0.16488042,4,1,false,false,11.800769,2.826691,16.569769,-2.8172452,0.22395748,3
53.344997,0.76810884,35.35413400084737,-80.67994605512938,0,1,6136.6177,0.16662948,4,1,false,false,7.5958257,2.9868414,12.291023,-2.8135588,0.21628818,3
53.39289,0.76835597,35.35414202289582,-80.6799466050832,0,1,6167.026,0.1695442,4,1,false,false,9.601874,2.653042,15.138644,-2.809612,0.23977008,3
53.432297,0.7686034,35.35415004501305,-80.67994715537276,0,1,6208.4766,0.17187569,4,1,false,false,8.3897505,2.297533,12.98389,-2.805146,0.24711017,3
53.481186,0.7688509,35.354158067061505,-80.67994770532658,0,1,6206.811,0.17347896,4,1,false,false,7.787259,2.9111137,14.029361,-2.8004074,0.26405874,3
53.532295,0.7690987,35.35416608910996,-80.67994836540547,0,1,6191.379,0.17245904,4,1,false,false,11.58322,2.8587995,15.375877,-2.7955854,0.2583909,3
53.577885,0.7693468,35.354174111158414,-80.67994902548435,0,1,6181.0063,0.17070994,4,1,false,false,7.285994,2.5926168,12.201767,-2.790945,0.250358,3
53.626686,0.76959515,35.35418213320687,-80.67994968556323,0,1,6208.0376,0.16662943,4,1,false,false,13.9029665,2.74055,17.60271,-2.7867265,0.24231702,3
53.67362,0.7698437,35.35419015525533,-80.67995045576717,0,1,6203.442,0.16298594,4,1,false,false,9.388636,2.7876942,14.792363,-2.782519,0.2325904,3
53.721096,0.7700924,35.354198177303786,-80.67995133576042,0,1,6199.166,0.15992534,4,1,false,false,9.893881,2.5696747,14.803974,-2.7782211,0.24044545,3
53.76387,0.7703415,35.35420619935224,-80.67995221608943,0,1,6228.3496,0.15715608,4,1,false,false,8.8501425,2.6311672,14.73381,-2.7738357,0.23102118,3
53.806084,0.7705907,35.35421431155539,-80.67995309608268,0,1,6230.251,0.15526153,4,1,false,false,9.078682,2.5167763,12.892561,-2.7698498,0.21941012,3
53.852802,0.77084017,35.35422233360384,-80.6799539764117,0,1,6211.3545,0.15365832,4,1,false,false,8.042191,2.7303543,13.818381,-2.766235,0.209452,3
53.898605,0.7710899,35.3542303556523,-80.67995496653002,0,1,6226.8228,0.15467824,4,1,false,false,8.690573,2.5442402,13.688446,-2.7627614,0.21223095,3
53.940914,0.77133983,35.35423846785545,-80.6799560667734,0,1,6264.0503,0.15701063,4,1,false,false,8.400842,2.5675297,12.671236,-2.7590215,0.22156133,3
53.987827,0.77159,35.35424648990391,-80.67995705689172,0,1,6270.908,0.15992536,4,1,false,false,7.185958,2.8582032,10.947905,-2.7549493,0.23279315,3
54.036697,0.7718404,35.354254602107055,-80.6799581571351,0,1,6251.619,0.1625484,4,1,false,false,8.502169,2.810638,11.298304,-2.7509365,0.22858006,3
54.08398,0.77209103,35.35426262415551,-80.67995925704274,0,1,6247.3315,0.16415161,4,1,false,false,8.515545,2.838533,11.518341,-2.7472548,0.22242212,3
54.131718,0.77234197,35.35427073635866,-80.67996046741118,0,1,6262.646,0.16590065,4,1,false,false,8.736244,2.734682,12.081001,-2.743631,0.2269999,3
54.17868,0.7725931,35.35427875840712,-80.67996167744388,0,1,6272.846,0.16808668,4,1,false,false,8.871912,2.8708766,11.84495,-2.739701,0.24017815,3
54.229015,0.7728445,35.3542868705415,-80.67996288781232,0,1,6276.5923,0.16998123,4,1,false,false,8.999332,2.9767737,13.774155,-2.7354093,0.25201833,3
54.277607,0.773096,35.35429498274465,-80.67996420797009,0,1,6274.567,0.1699812,4,1,false,false,10.13593,2.759065,15.015863,-2.7308338,0.2551831,3
54.325245,0.7733478,35.3543030047931,-80.67996552812785,0,1,6284.7715,0.1677952,4,1,false,false,9.832826,2.803389,14.9636135,-2.7260675,0.2591948,3
54.371593,0.7735996,35.35431111699625,-80.67996684828562,0,1,6294.3745,0.16400586,4,1,false,false,11.288506,2.6903203,16.235497,-2.7211757,0.2586774,3
54.41895,0.7738517,35.3543192291994,-80.67996827856844,0,1,6286.7617,0.1573018,4,1,false,false,10.753914,2.8204017,15.868711,-2.7164712,0.2428981,3
54.46134,0.77410394,35.35432734136816,-80.67996970885126,0,1,6278.5566,0.15015991,4,1,false,false,11.335552,2.1085186,15.168875,-2.7121892,0.227736,3
54.503296,0.7743562,35.35433536345101,-80.6799712489234,0,1,6290.2563,0.14447588,4,1,false,false,8.916666,2.652875,13.427078,-2.7084563,0.20003603,3
54.54658,0.7746087,35.35434347561977,-80.67997278933129,0,1,6305.4395,0.14068624,4,1,false,false,7.997367,2.6526115,14.9353895,-2.705205,0.19451234,3
54.592915,0.77486134,35.35435158782292,-80.67997443952848,0,1,6312.3345,0.13981178,4,1,false,false,8.0135975,2.7165732,13.958237,-2.7018604,0.2017073,3
54.639954,0.7751142,35.35435969999168,-80.67997608972568,0,1,6321.78,0.14258105,4,1,false,false,7.6246243,2.5489964,13.520168,-2.6980155,0.22048788,3
54.68422,0.77536714,35.35436772207452,-80.67997774025864,0,1,6331.1973,0.14841092,4,1,false,false,8.132118,2.5812228,14.60158,-2.6937158,0.23350027,3
54.730953,0.7756203,35.354375834243285,-80.67997950024515,0,1,6324.3047,0.15438703,4,1,false,false,8.867841,2.7327344,14.922694,-2.6892662,0.23402981,3
54.776196,0.7758736,35.35438394644644,-80.67998126056742,0,1,6322.526,0.16050811,4,1,false,false,9.997543,2.476381,15.038934,-2.6848562,0.23330754,3
54.81939,0.7761271,35.354392058615204,-80.67998302088968,0,1,6335.254,0.16400589,4,1,false,false,10.028822,2.4965625,15.90029,-2.6804342,0.238297,3
54.862644,0.7763808,35.35440017081835,-80.679984891337,0,1,6344.3853,0.16575496,4,1,false,false,10.429914,2.5629933,16.350595,-2.6759017,0.24543975,3
54.905586,0.77663463,35.3544082830215,-80.67998676144857,0,1,6339.1357,0.16604613,4,1,false,false,9.328406,2.503061,14.9875345,-2.6713746,0.24158823,3
54.946484,0.7768886,35.35441639519026,-80.67998874202097,0,1,6344.4717,0.16429737,4,1,false,false,9.209652,2.3109064,14.0076,-2.6670687,0.23426434,3
54.98633,0.77714276,35.35442441723872,-80.67999072225761,0,1,6358.8477,0.16254833,4,1,false,false,10.094828,2.3233867,14.531704,-2.6631339,0.2254602,3
55.030094,0.7773971,35.354432529441866,-80.67999270249425,0,1,6364.13,0.1596336,4,1,false,false,9.820763,2.7441,15.069222,-2.6592784,0.23154433,3
55.07442,0.7776516,35.35444064161064,-80.67999479285595,0,1,6372.1123,0.15846755,4,1,false,false,8.760871,2.5280197,13.144325,-2.6551583,0.23948146,3
55.115726,0.7779063,35.354448753813784,-80.67999688321765,0,1,6385.224,0.15948787,4,1,false,false,7.545025,2.3641708,11.721231,-2.6508496,0.23941039,3
55.161205,0.77816117,35.35445686601693,-80.67999908336867,0,1,6400.392,0.1606536,4,1,false,false,9.209372,2.6981683,13.695109,-2.6465454,0.23900267,3
55.20642,0.7784163,35.35446488806539,-80.68000128385545,0,1,6386.1626,0.16167387,4,1,false,false,8.537961,2.777414,12.803196,-2.642322,0.2390728,3
55.25145,0.77867156,35.35447300023415,-80.68000348434221,0,1,6387.845,0.16284016,4,1,false,false,7.2933235,2.5410292,12.543579,-2.6381397,0.23273002,3
55.2935,0.778927,35.3544811124373,-80.6800057946183,0,1,6411.8057,0.16313136,4,1,false,false,9.18628,2.4196045,13.239042,-2.6340835,0.23042893,3
55.337234,0.77918273,35.35448922464045,-80.68000810489437,0,1,6411.5366,0.1629859,4,1,false,false,9.92799,2.7209008,14.220676,-2.630116,0.22975977,3
55.386196,0.77943856,35.35449724668891,-80.6800104155062,0,1,6399.8564,0.1610911,4,1,false,false,10.451348,2.7855363,15.976538,-2.625976,0.23988749,3
55.430576,0.7796947,35.35450535885767,-80.6800128355716,0,1,6407.005,0.15948787,4,1,false,false,9.901441,2.4458988,13.949133,-2.6215987,0.24033944,3
55.47175,0.779951,35.35451347106082,-80.68001525597275,0,1,6424.403,0.15890507,4,1,false,false,9.969535,2.4669378,14.184021,-2.6171942,0.2375928,3
55.51834,0.7802075,35.35452158326397,-80.68001778649895,0,1,6425.769,0.15846755,4,1,false,false,9.096513,2.8787894,15.951248,-2.6128805,0.23369475,3
55.563377,0.7804641,35.35452960531242,-80.68002031702515,0,1,6413.8037,0.15934205,4,1,false,false,9.09135,2.7152648,14.835634,-2.608622,0.2281673,3
55.608074,0.78072107,35.354537717481186,-80.68002295734068,0,1,6429.4746,0.16109115,4,1,false,false,11.951151,2.3443937,17.518112,-2.6041558,0.24867997,3
55.649574,0.78097826,35.35454573952965,-80.6800255976562,0,1,6438.567,0.16298592,4,1,false,false,9.206405,2.2653153,15.147589,-2.5993078,0.24959737,3
55.689648,0.7812356,35.354553851732796,-80.68002823830747,0,1,6423.145,0.16590066,4,1,false,false,7.579893,2.4335828,11.667406,-2.594759,0.22568218,3
55.727753,0.7814931,35.35456187378125,-80.68003098874806,0,1,6425.7944,0.16925246,4,1,false,false,11.003914,2.2658665,11.516752,-2.5912776,0.19682728,3
55.766804,0.7817509,35.3545699859844,-80.68003373918863,0,1,6436.3447,0.17275022,4,1,false,false,10.318481,2.3707738,13.855122,-2.5883694,0.20963258,3
55.807728,0.7820088,35.35457800803285,-80.68003648962922,0,1,6465.839,0.18149431,4,1,false,false,7.999299,2.6390088,13.049327,-2.5848103,0.24904338,3
55.855667,0.782267,35.35458612023601,-80.68003934985911,0,1,6494.8145,0.19665001,4,1,false,false,10.979649,2.893338,14.403526,-2.579859,0.3020205,3
55.910583,0.7825254,35.35459414226727,-80.68004232054983,0,1,6476.336,0.20728804,4,1,false,false,12.267249,3.237438,16.66475,-2.5735474,0.33386648,3
55.961674,0.7827841,35.35460216433292,-80.68004529090479,0,1,6432.2773,0.21603097,4,1,false,false,12.939053,2.8235276,18.037773,-2.5666363,0.3345501,3
56.00146,0.783043,35.35461018638137,-80.68004826125976,0,1,6427.555,0.21879971,4,1,false,false,13.379139,2.1646106,17.020527,-2.5603607,0.27963543,3
56.031723,0.7833022,35.35461820842983,-80.68005134173978,0,1,6451.215,0.21559338,4,1,false,false,13.0686655,1.5100697,16.7874,-2.5555205,0.2270492,3
56.062004,0.7835615,35.35462623049548,-80.68005442255556,0,1,6451.055,0.20306177,4,1,false,false,13.659752,2.0803573,18.312641,-2.5520637,0.19343896,3
56.100086,0.78382105,35.35463425254393,-80.6800576128249,0,1,6447.177,0.18878078,4,1,false,false,9.948839,2.192126,17.252493,-2.5488653,0.19837326,3
56.13747,0.78408074,35.354642274592386,-80.68006091355504,0,1,6465.6406,0.17187573,4,1,false,false,8.844898,2.247452,15.322809,-2.5451896,0.22309953,3
56.175995,0.78434074,35.354650296658036,-80.68006410382438,0,1,6488.6104,0.16007113,4,1,false,false,8.842184,2.1850557,14.965364,-2.5409198,0.23605426,3
56.217953,0.7846009,35.35465831870649,-80.68006740455453,0,1,6483.6025,0.151909,4,1,false,false,7.413694,2.7106457,15.877032,-2.5363464,0.23498371,3
56.259293,0.78486127,35.35466625061745,-80.68007081507399,0,1,6478.4487,0.15118021,4,1,false,false,7.926407,2.1589172,14.21241,-2.53188,0.2166792,3
56.295944,0.785122,35.3546742726831,-80.68007422559346,0,1,6481.305,0.15759301,4,1,false,false,7.1975994,2.2447014,13.239637,-2.527846,0.19780934,3
56.331486,0.78538287,35.35468220459405,-80.68007763611293,0,1,6491.1343,0.16692069,4,1,false,false,8.5045595,1.9526814,15.58079,-2.5242474,0.19298564,3
56.366222,0.7856439,35.35469022664251,-80.68008104663238,0,1,6485.9067,0.18091153,4,1,false,false,7.4692373,2.1744022,13.113207,-2.5208814,0.19470835,3
56.403263,0.7859053,35.354698158570656,-80.68008456727692,0,1,6491.8633,0.19315279,4,1,false,false,8.363924,2.239713,14.263634,-2.517521,0.20664644,3
56.44125,0.786167,35.35470618061911,-80.68008808792145,0,1,6504.433,0.20539379,4,1,false,false,9.702841,2.1909437,16.776903,-2.5137048,0.23609686,3
56.478004,0.7864289,35.354714112547256,-80.68009171835529,0,1,6512.355,0.2142822,4,1,false,false,10.627471,2.1908507,14.81146,-2.5090604,0.26836178,3
56.517723,0.78669095,35.354722044458214,-80.68009534878912,0,1,6522.4697,0.21821637,4,1,false,false,11.647695,2.3205655,16.384798,-2.5036893,0.2953114,3
56.552902,0.7869533,35.35472997636917,-80.68009897955872,0,1,6522.047,0.21938218,4,1,false,false,13.121321,1.9735999,17.497639,-2.4979112,0.3056897,3
56.58765,0.7872157,35.35473790829732,-80.68010272011762,0,1,6514.407,0.21617673,4,1,false,false,12.499499,2.1946757,15.5999365,-2.492366,0.2923838,3
56.62246,0.78747815,35.354745840216864,-80.68010646067653,0,1,6519.0737,0.20845374,4,1,false,false,11.880251,1.8157693,15.076308,-2.4873416,0.26700082,3
56.653168,0.7877406,35.35475377212782,-80.6801103113605,0,1,6527.9834,0.19927302,4,1,false,false,11.741467,1.9843211,15.396347,-2.4830713,0.24281679,3
56.68783,0.78800315,35.35476161390987,-80.68011427183377,0,1,6531.0557,0.18688625,4,1,false,false,10.463045,2.1887662,14.814215,-2.4790258,0.24395435,3
56.72584,0.7882658,35.35476954582943,-80.68011812251774,0,1,6536.4883,0.17683077,4,1,false,false,9.752943,2.3816214,13.981265,-2.4748657,0.24466677,3
56.76469,0.78852844,35.35477738761148,-80.68012219311609,0,1,6550.2856,0.17114696,4,1,false,false,9.734535,2.1925325,15.217586,-2.4703267,0.25308093,3
56.804344,0.78879124,35.354785319531025,-80.68012615392512,0,1,6561.2764,0.17070994,4,1,false,false,10.195633,2.4586039,15.856828,-2.4654634,0.2583528,3
56.846165,0.7890542,35.354793161313076,-80.68013022452347,0,1,6556.7437,0.17449921,4,1,false,false,11.111727,2.4116588,17.556229,-2.4603562,0.2594194,3
56.8865,0.78931713,35.354801003095126,-80.6801342951218,0,1,6552.2993,0.18061979,4,1,false,false,11.695421,2.3173993,19.275295,-2.4550927,0.26125655,3
56.921745,0.7895803,35.354808844885774,-80.68013847584521,0,1,6557.789,0.18965532,4,1,false,false,11.677991,1.9822272,18.406952,-2.4498143,0.25425464,3
56.952286,0.7898435,35.354816686663526,-80.68014276669369,0,1,6559.1523,0.19737883,4,1,false,false,11.852217,1.870438,17.894905,-2.4448912,0.24420555,3
56.98325,0.7901067,35.35482443831238,-80.68014694708134,0,1,6558.0654,0.20612201,4,1,false,false,12.318657,1.8760669,18.957405,-2.4403937,0.24070798,3
57.013752,0.79037005,35.35483228009443,-80.68015134805488,0,1,6561.95,0.21209672,4,1,false,false,11.116983,1.8301575,16.482409,-2.4360828,0.24613911,3
57.045116,0.79063344,35.35484003174327,-80.68015574869267,0,1,6570.7285,0.21617675,4,1,false,false,10.543005,2.0720515,14.706052,-2.431801,0.25301695,3
57.07734,0.7908969,35.35484778338997,-80.68016014933045,0,1,6579.1885,0.21879973,4,1,false,false,10.482374,1.9840301,13.402071,-2.427451,0.2586188,3
57.111927,0.7911605,35.354855535038816,-80.68016454996824,0,1,6583.927,0.22069389,4,1,false,false,10.769965,2.156229,13.435006,-2.4229913,0.26749825,3
57.14793,0.79142416,35.354863286685514,-80.68016906073109,0,1,6592.237,0.22244236,4,1,false,false,10.649933,2.188981,14.624577,-2.4181771,0.28598782,3
57.183655,0.79168797,35.35487103833329,-80.68017357149394,0,1,6603.8296,0.22491932,4,1,false,false,11.375007,2.1356344,12.93693,-2.4128082,0.30710745,3
57.219513,0.7919519,35.354878789980255,-80.68017819238185,0,1,6609.7,0.2300193,4,1,false,false,12.248209,2.239526,14.747797,-2.4070485,0.3167208,3
57.253742,0.79221594,35.35488645149241,-80.680182812934,0,1,6604.302,0.23468195,4,1,false,false,12.710629,2.1427968,14.626406,-2.4013076,0.31036106,3
57.287857,0.79248005,35.354894203140184,-80.68018754361123,0,1,6599.7417,0.24065562,4,1,false,false,13.866344,2.0420706,14.936308,-2.3959854,0.29686648,3
57.31988,0.79274434,35.354901864652604,-80.6801922746242,0,1,6605.4634,0.24298678,4,1,false,false,14.311148,1.9492215,16.375816,-2.3909152,0.29561836,3
57.352386,0.79300874,35.35490952616395,-80.68019711509075,0,1,6616.6655,0.24473524,4,1,false,false,14.324231,2.0109167,15.478597,-2.3858364,0.30450407,3
57.386097,0.79327327,35.3549171876753,-80.68020195589303,0,1,6624.2344,0.2450271,4,1,false,false,14.181696,2.1364276,14.982992,-2.380501,0.3161616,3
57.42091,0.7935379,35.35492475905129,-80.68020690682039,0,1,6623.508,0.24444403,4,1,false,false,14.447096,2.093942,16.028643,-2.3748846,0.32961985,3
57.45542,0.7938027,35.35493242056264,-80.68021185774774,0,1,6628.2393,0.24327853,4,1,false,false,14.724786,1.9870708,14.316745,-2.3689976,0.33682144,3
57.48872,0.7940676,35.35493999194079,-80.68021680833934,0,1,6634.8,0.24182133,4,1,false,false,14.994812,2.1082735,14.79697,-2.363091,0.3339311,3
57.523174,0.79433274,35.35494756331893,-80.68022197918107,0,1,6637.5293,0.24051009,4,1,false,false,15.298996,2.0475607,16.335964,-2.3572366,0.3281282,3
57.55637,0.7945979,35.35495513469707,-80.68022703989773,0,1,6637.404,0.23934463,4,1,false,false,14.950712,2.0965004,14.219882,-2.35152,0.31717798,3
57.59111,0.7948633,35.354962615937715,-80.68023221073946,0,1,6645.3457,0.23919839,4,1,false,false,16.30569,2.1228933,16.957867,-2.345858,0.31922653,3
57.624664,0.79512894,35.354970187315864,-80.68023749170625,0,1,6648.7036,0.2399271,4,1,false,false,16.542862,1.9705825,17.625664,-2.3399603,0.33109963,3
57.657795,0.79539466,35.35497766855651,-80.68024277267304,0,1,6648.799,0.2406556,4,1,false,false,13.936112,2.0279224,14.899547,-2.3339808,0.3220126,3
57.68997,0.7956605,35.35498514979715,-80.68024816342914,0,1,6650.5244,0.24123861,4,1,false,false,16.134327,1.8835491,16.251602,-2.3283494,0.30649814,3
57.72015,0.7959266,35.35499254090029,-80.68025355418526,0,1,6652.3594,0.24153008,4,1,false,false,15.260109,1.9233186,15.704294,-2.3231616,0.29184166,3
57.753147,0.79619277,35.355000022140935,-80.68025905506641,0,1,6654.1797,0.24051015,4,1,false,false,13.879417,1.9697537,14.552429,-2.3182,0.2937656,3
57.78572,0.79645914,35.35500741324408,-80.68026455594759,0,1,6668.9067,0.2399271,4,1,false,false,13.811306,2.0287852,14.867158,-2.3131006,0.3034127,3
57.820683,0.7967257,35.35501480435582,-80.68027016695382,0,1,6675.367,0.24153009,4,1,false,false,14.769976,2.1503034,16.895123,-2.307576,0.32775617,3
57.856586,0.7969925,35.35502210532146,-80.68027577796005,0,1,6675.515,0.24473526,4,1,false,false,14.96735,2.0585341,16.18224,-2.3014054,0.34756714,3
57.890488,0.7972594,35.3550294964246,-80.68028138863053,0,1,6677.0464,0.24764922,4,1,false,false,15.410241,1.9694235,16.230497,-2.2948873,0.3547567,3
57.921917,0.79752654,35.355036797407436,-80.68028710976184,0,1,6678.791,0.25056314,4,1,false,false,15.899009,1.8243146,17.512995,-2.2884035,0.34299752,3
57.951157,0.79779387,35.35504409837308,-80.68029294068243,0,1,6677.915,0.24998072,4,1,false,false,15.5106945,1.7893555,16.471245,-2.2824168,0.31971264,3
57.98059,0.7980613,35.35505139933872,-80.68029877160305,0,1,6680.994,0.24750347,4,1,false,false,16.434523,1.8469683,17.448406,-2.2769992,0.30297568,3
58.010887,0.79832906,35.355058610166864,-80.68030471264872,0,1,6685.6484,0.24182136,4,1,false,false,14.950581,1.8262494,15.465349,-2.2718074,0.30170876,3
58.041405,0.798597,35.3550658210122,-80.68031065335865,0,1,6690.46,0.23628445,4,1,false,false,13.618823,1.9007441,14.728962,-2.266777,0.2949765,3
58.074646,0.79886496,35.355073031840334,-80.68031670452937,0,1,6698.317,0.23103927,4,1,false,false,14.1404295,1.9779501,16.564974,-2.2616763,0.3058111,3
58.10791,0.7991333,35.355080242685666,-80.68032275536436,0,1,6706.146,0.22929084,4,1,false,false,14.559029,2.0651634,15.463366,-2.256197,0.32107046,3
58.14331,0.7994018,35.355087363376306,-80.68032880619936,0,1,6712.0386,0.2300193,4,1,false,false,14.040865,2.0703053,15.500406,-2.2501698,0.3381681,3
58.17595,0.7996706,35.35509448408414,-80.68033496749514,0,1,6714.3877,0.23307897,4,1,false,false,14.689932,1.8363994,15.893836,-2.2438962,0.335958,3
58.208958,0.79993945,35.35510160477478,-80.68034123824451,0,1,6708.912,0.23934463,4,1,false,false,15.918978,1.9927123,18.125273,-2.2378047,0.32717174,3
58.24055,0.8002085,35.355108725482616,-80.68034750932962,0,1,6710.5776,0.24473527,4,1,false,false,17.048271,1.7275321,17.82552,-2.2317696,0.32719374,3
58.269924,0.80047774,35.35511575603575,-80.68035378041473,0,1,6715.306,0.24925193,4,1,false,false,15.471111,1.8689455,17.26367,-2.2258627,0.3198747,3
58.29914,0.800747,35.35512278660609,-80.68036016128916,0,1,6719.729,0.25289455,4,1,false,false,15.79493,1.6405498,17.440166,-2.2200823,0.31501746,3
58.32717,0.8010162,35.355129727038914,-80.68036665228865,0,1,6719.831,0.25464287,4,1,false,false,15.732642,1.8401072,15.892961,-2.2145817,0.31077397,3
58.357296,0.8012855,35.35513675759206,-80.68037314328814,0,1,6722.547,0.25435135,4,1,false,false,15.23587,1.7541732,16.43268,-2.2091432,0.31507275,3
58.38683,0.80155486,35.35514369802489,-80.68037963462338,0,1,6731.0854,0.25231156,4,1,false,false,14.576373,1.845434,16.211374,-2.2036035,0.32459307,3
58.41773,0.8018241,35.35515054832022,-80.68038623541217,0,1,6741.4453,0.25056314,4,1,false,false,15.178783,1.8231771,15.512974,-2.1976416,0.34621897,3
58.447678,0.8020935,35.35515748875305,-80.6803929466618,0,1,6745.5376,0.24983495,4,1,false,false,14.145388,1.818854,14.582936,-2.1914032,0.34552738,3
58.477036,0.80236304,35.35516433904838,-80.68039954778634,0,1,6740.8374,0.24983492,4,1,false,false,14.693651,1.7293942,14.070867,-2.1854756,0.32624024,3
58.506935,0.80263245,35.35517118932652,-80.68040636882527,0,1,6739.662,0.25027195,4,1,false,false,15.764172,1.8357166,15.122923,-2.1801472,0.3080005,3
58.537678,0.80290204,35.35517794948434,-80.68041307973914,0,1,6746.4697,0.25085485,4,1,false,false,15.215414,1.8349144,15.692912,-2.1748493,0.31816626,3
58.56797,0.80317175,35.355184709642174,-80.68042001090313,0,1,6763.1807,0.2527489,4,1,false,false,15.310683,1.780609,14.798183,-2.1691191,0.33649415,3
58.598522,0.8034414,35.355191469800005,-80.68042683194206,0,1,6768.161,0.25609946,4,1,false,false,15.406672,1.8470739,14.424815,-2.162966,0.34776318,3
58.631016,0.8037112,35.355198229957836,-80.68043376310605,0,1,6757.7397,0.2604706,4,1,false,false,17.352291,1.9674032,17.796143,-2.1568024,0.34895983,3
58.660954,0.80398107,35.35520489999536,-80.6804408043951,0,1,6756.071,0.26454976,4,1,false,false,17.029325,1.735664,17.166039,-2.150564,0.35179564,3
58.688404,0.80425096,35.35521156999849,-80.68044784534841,0,1,6772.4673,0.2665895,4,1,false,false,17.161177,1.6364164,15.239029,-2.144242,0.354585,3
58.715374,0.80452096,35.35521814988132,-80.68045499642679,0,1,6778.545,0.26658946,4,1,false,false,16.692074,1.664937,16.524483,-2.138058,0.34180114,3
58.744892,0.80479115,35.35522481991884,-80.6804621478409,0,1,6767.1045,0.26484156,4,1,false,false,17.050045,1.8647395,16.20581,-2.1322618,0.3311347,3
58.77376,0.8050613,35.35523130968136,-80.68046929891928,0,1,6766.867,0.26017952,4,1,false,false,16.510073,1.7161614,14.4768715,-2.1266785,0.32698688,3
58.802223,0.8053316,35.35523788956419,-80.6804765601227,0,1,6783.8013,0.25566277,4,1,false,false,15.604506,1.717798,15.223917,-2.1211333,0.32591766,3
58.831577,0.805602,35.35524437929232,-80.68048393111545,0,1,6791.098,0.25158334,4,1,false,false,16.570602,1.8197317,16.233116,-2.115446,0.33562738,3
58.864826,0.80587256,35.35525086905484,-80.68049130244394,0,1,6787.2437,0.24998069,4,1,false,false,17.91288,1.966268,17.418732,-2.1093204,0.35777783,3
58.897926,0.80614316,35.35525726866267,-80.68049867343669,0,1,6790.5947,0.24939765,4,1,false,false,17.627356,1.7247617,17.630688,-2.1025188,0.37520513,3
58.92709,0.806414,35.35526366830488,-80.68050615489025,0,1,6799.199,0.24983495,4,1,false,false,17.544092,1.7581835,17.849415,-2.0955386,0.3612229,3
58.955326,0.8066849,35.35526997775801,-80.68051363600806,0,1,6794.866,0.25041735,4,1,false,false,18.672459,1.70613,19.46631,-2.089062,0.3322578,3
58.981117,0.80695593,35.35527637740022,-80.68052122725094,0,1,6784.376,0.24881521,4,1,false,false,16.870438,1.4999655,16.92582,-2.0832229,0.3051404,3
58.93749,0.80722696,35.35528259673305,-80.6805288184938,0,1,6788.611,0.24284105,0,1,false,false,12.754115,-5.9856896,12.814552,-2.0783248,0.27117977,3
58.88568,0.80749774,35.355288906220565,-80.68053651952599,0,1,6270.806,0.23468193,5,1,false,false,14.379338,0.80909026,15.980082,-2.074315,0.26586422,3
59.00296,0.80776864,35.35529512555339,-80.68054422089392,0,1,5598.456,0.22710536,5,1,false,false,11.927001,6.8066916,13.813484,-2.0701573,0.30142266,3
59.038376,0.80804,35.355301254765905,-80.68055192192611,0,1,5697.0396,0.21996514,5,1,false,false,11.548283,-2.6832125,11.300577,-2.0649245,0.33917877,3
59.01959,0.8083114,35.35530747409873,-80.68055973341912,0,1,5923.5713,0.21734214,5,1,false,false,12.72922,1.1529973,13.356239,-2.0589836,0.34566566,3
59.054836,0.80858284,35.355313603311245,-80.68056754457636,0,1,5852.1655,0.21879968,5,1,false,false,14.007887,2.7910318,14.620857,-2.0526927,0.34930772,3
59.10823,0.80885446,35.35531973252376,-80.68057535573361,0,1,5713.8486,0.22185938,5,1,false,false,16.118328,2.5368054,16.379745,-2.04614,0.35093144,3
59.128666,0.8091263,35.355325771615966,-80.68058327701593,0,1,5809.5947,0.2247736,5,1,false,false,18.039463,-0.0024765208,17.490791,-2.0396175,0.3420545,3
59.138157,0.8093982,35.35533181067379,-80.68059119829823,0,1,5841.1714,0.22550236,5,1,false,false,17.937408,1.4377432,19.277805,-2.0335658,0.3126089,3
59.169437,0.80967027,35.355337849765995,-80.6805992297056,0,1,5786.0376,0.2224424,5,1,false,false,17.544392,1.8931584,19.484865,-2.0281742,0.28566965,3
59.195595,0.80994254,35.355343798703515,-80.68060726077724,0,1,5788.5166,0.21530217,5,1,false,false,17.140749,1.222033,19.85384,-2.0230594,0.28356287,3
59.212814,0.81021494,35.355349657486336,-80.68061540230967,0,1,5831.2827,0.20772505,5,1,false,false,14.548225,1.0557216,18.12014,-2.0178957,0.28096673,3
59.238487,0.81048745,35.35535560642385,-80.68062354350637,0,1,5817.1157,0.19737884,5,1,false,false,13.070493,1.7489333,17.35057,-2.0128171,0.2752416,3
59.266403,0.8107602,35.35536146524105,-80.68063168470306,0,1,5797.8774,0.18863535,5,1,false,false,13.8784895,1.4112822,16.537846,-2.007898,0.2666225,3
59.289524,0.8110331,35.355367233903564,-80.6806399360248,0,1,5819.5034,0.17945403,5,1,false,false,10.995212,1.1960502,14.8946,-2.0032227,0.25187203,3
59.31408,0.8113061,35.35537300256608,-80.68064818734656,0,1,5833.492,0.17449926,5,1,false,false,10.206949,1.50803,15.696963,-1.9987829,0.24036585,3
59.341484,0.81157935,35.355378771228594,-80.68065654879338,0,1,5821.0205,0.17508228,5,1,false,false,10.061211,1.6344438,13.51743,-1.9944955,0.23630315,3
59.370663,0.8118528,35.35538453992549,-80.6806649102402,0,1,5821.6606,0.1812028,5,1,false,false,10.770672,1.579933,15.518109,-1.9901787,0.24806459,3
59.395443,0.8121264,35.35539021843331,-80.68067327135127,0,1,5834.103,0.19490153,5,1,false,false,10.408083,1.3016709,14.637424,-1.9855257,0.2559437,3
59.42048,0.8124002,35.355395896975516,-80.68068163279807,0,1,5831.2646,0.20961921,5,1,false,false,10.6154,1.6289902,14.131599,-1.9809293,0.25687525,3
59.44664,0.8126743,35.35540157551772,-80.68069010436996,0,1,5828.367,0.22812505,5,1,false,false,13.051253,1.3988286,17.218567,-1.9762905,0.26932064,3
59.472553,0.8129484,35.355407254025536,-80.68069857560609,0,1,5833.714,0.24182132,5,1,false,false,15.098788,1.4904597,18.10456,-1.9711797,0.30521417,3
59.49812,0.81322277,35.35541275229274,-80.68070704684222,0,1,5847.0884,0.2546428,5,1,false,false,15.168871,1.4061542,18.636272,-1.9651226,0.34218112,3
59.520847,0.81349736,35.355418340714635,-80.6807156282034,0,1,5844.4067,0.2616362,5,1,false,false,16.454597,1.3063669,17.747578,-1.9584167,0.3601044,3
59.54109,0.81377214,35.35542383894745,-80.6807242095646,0,1,5837.1475,0.2622189,5,1,false,false,16.925674,1.0737692,16.798885,-1.9518769,0.34578404,3
59.56026,0.814047,35.35542933721466,-80.68073290105086,0,1,5839.0854,0.25639132,5,1,false,false,13.052302,1.0541451,15.064938,-1.946071,0.3066023,3
59.57874,0.8143222,35.35543474536155,-80.68074159253712,0,1,5844.712,0.24692097,5,1,false,false,18.54865,1.3220208,15.291809,-1.9414696,0.28277674,3
59.602806,0.8145974,35.35544015347406,-80.68075028368762,0,1,5848.6772,0.232496,5,1,false,false,15.452273,1.420641,14.440359,-1.9370105,0.28721106,3
59.625988,0.8148728,35.35544547146626,-80.68075908529894,0,1,5856.421,0.22127637,5,1,false,false,12.608292,0.7043126,16.588486,-1.9317603,0.33791927,3
59.66109,0.8151482,35.355450789458466,-80.68076788657451,0,1,5902.567,0.215011,5,1,false,false,14.266901,2.5850067,16.965988,-1.9250269,0.36462027,3
59.692802,0.8154238,35.355456107450664,-80.68077668818583,0,1,5838.078,0.21501097,5,1,false,false,17.003597,2.1003666,19.150097,-1.9176583,0.37850308,3
59.719658,0.8156994,35.35546133532256,-80.68078559958646,0,1,5822.1333,0.21763399,5,1,false,false,16.260292,0.58247465,18.195723,-1.9105841,0.32811278,3
59.723904,0.81597495,35.355466473039755,-80.6807945109871,0,1,5865.371,0.21821636,5,1,false,false,12.353382,0.5248297,15.574822,-1.9051116,0.25497308,3
59.739254,0.81625044,35.355471700842884,-80.68080342238773,0,1,5880.309,0.21763399,5,1,false,false,16.272867,1.2424152,17.8741,-1.9013313,0.21974368,3
59.76601,0.81652606,35.35547674847415,-80.68081244391342,0,1,5838.252,0.21501094,5,1,false,false,13.391499,1.7287215,15.522514,-1.8978771,0.2352512,3
59.791588,0.81680155,35.355481886191356,-80.68082146510338,0,1,5870.1133,0.21238795,5,1,false,false,11.832226,1.2591978,13.781723,-1.8936154,0.2804489,3
59.813854,0.81707716,35.355486933753866,-80.68083059675413,0,1,5903.073,0.212971,5,1,false,false,13.448731,1.4532065,15.086216,-1.8882996,0.31709862,3
59.844364,0.8173529,35.35549189123044,-80.68083961827982,0,1,5871.617,0.21646796,5,1,false,false,13.365053,1.8341284,15.195543,-1.882347,0.3298756,3
59.87079,0.8176286,35.35549693879295,-80.68084874959483,0,1,5865.3096,0.22142242,5,1,false,false,13.48201,1.2159603,15.20049,-1.8762299,0.32681605,3
59.889957,0.81790435,35.35550189626954,-80.68085799103491,0,1,5889.441,0.2257936,5,1,false,false,15.04127,1.1343553,15.149434,-1.8704684,0.3058949,3
59.912777,0.8181802,35.35550676359142,-80.68086723247498,0,1,5881.4185,0.23001932,5,1,false,false,14.901883,1.4270484,17.52142,-1.8650655,0.29913548,3
59.935467,0.818456,35.355511630844546,-80.68087647391506,0,1,5870.753,0.23191355,5,1,false,false,15.703623,1.1990551,15.377838,-1.859834,0.29412484,3
59.95594,0.81873196,35.35551640808051,-80.68088571569088,0,1,5889.629,0.23278774,5,1,false,false,14.124316,1.1669368,15.396741,-1.8547251,0.2931685,3
59.9753,0.81900793,35.35552127533363,-80.68089506692027,0,1,5890.5317,0.23249593,5,1,false,false,14.754051,1.1543328,15.648928,-1.8497648,0.29394257,3
60.000767,0.81928396,35.3555259624149,-80.6809044184854,0,1,5885.357,0.23103926,5,1,false,false,14.199259,1.5277929,14.413921,-1.8446873,0.30882502,3
60.02413,0.81956005,35.35553064942741,-80.68091377005054,0,1,5898.6406,0.22885329,5,1,false,false,14.505155,1.2516117,14.577055,-1.8392934,0.3208367,3
60.04783,0.8198363,35.35553533650868,-80.68092323140499,0,1,5903.4624,0.22812505,5,1,false,false,14.274604,1.4539065,15.119905,-1.8335578,0.329363,3
60.0745,0.8201126,35.35554002352118,-80.68093258297013,0,1,5899.6943,0.22783324,5,1,false,false,17.061724,1.4456708,17.100658,-1.8275917,0.33947903,3
60.100574,0.820389,35.35554462044776,-80.68094215444964,0,1,5902.8086,0.22870778,5,1,false,false,16.707237,1.4073946,18.225517,-1.8211823,0.34796047,3
60.12224,0.8206655,35.355549127219646,-80.68095161613984,0,1,5905.8037,0.23045625,5,1,false,false,16.318308,1.1631367,17.31035,-1.8147205,0.33500051,3
60.143547,0.820942,35.35555363399153,-80.68096118761935,0,1,5903.6714,0.23235053,5,1,false,false,17.810236,1.2353466,18.589987,-1.8085402,0.32358083,3
60.16335,0.82121867,35.35555805060873,-80.68097086922393,0,1,5896.4976,0.23337045,5,1,false,false,16.32085,1.0661297,16.658642,-1.802887,0.29987139,3
60.183582,0.82149535,35.35556246722592,-80.68098044070344,0,1,5900.7285,0.23307902,5,1,false,false,16.602873,1.2397833,18.477037,-1.7977494,0.2930602,3
60.203857,0.8217722,35.35556679375719,-80.68099012230802,0,1,5913.019,0.23249595,5,1,false,false,15.335665,1.0992393,17.173817,-1.7925532,0.29935375,3
60.226524,0.8220492,35.35557112028846,-80.6809998039126,0,1,5908.705,0.23176801,5,1,false,false,14.975981,1.4206303,15.50016,-1.7871389,0.31282774,3
60.250717,0.82232624,35.35557535659626,-80.68100959530648,0,1,5915.7646,0.23278773,5,1,false,false,14.730595,1.1214443,15.614109,-1.7814006,0.32047945,3
60.270008,0.82260346,35.35557959297284,-80.68101938703612,0,1,5906.871,0.23511896,5,1,false,false,13.610199,1.2650504,13.764471,-1.7759244,0.3024436,3
60.293602,0.82288074,35.35558382934941,-80.68102917843001,0,1,5918.613,0.23832464,5,1,false,false,15.6031,1.2747097,16.996273,-1.7707207,0.30615312,3
60.31453,0.8231582,35.3555879755713,-80.68103897015965,0,1,5920.658,0.24211311,5,1,false,false,14.557814,1.2021732,14.225658,-1.7653126,0.31328696,3
60.33797,0.8234358,35.35559203170726,-80.68104887167861,0,1,5926.936,0.24706672,5,1,false,false,14.237025,1.3377845,15.631781,-1.759459,0.335168,3
60.3592,0.82371354,35.35559608777445,-80.68105877319756,0,1,5926.0156,0.25464278,5,1,false,false,15.760622,1.1474006,15.93173,-1.7534516,0.33464408,3
60.37907,0.82399136,35.35560014384164,-80.68106867488439,0,1,5920.3247,0.26090738,5,1,false,false,14.305137,1.1205211,12.900625,-1.7477704,0.31541303,3
60.397728,0.82426935,35.355604109822906,-80.68107857640334,0,1,5934.1377,0.26600695,5,1,false,false,19.592257,1.2047869,16.743347,-1.7424927,0.3285451,3
60.421513,0.82454747,35.35560807580417,-80.68108858804736,0,1,5936.3633,0.2673179,5,1,false,false,16.326237,1.23922,19.05776,-1.7365981,0.35801205,3
60.439842,0.8248257,35.35561195163074,-80.68109859969138,0,1,5940.268,0.26629817,5,1,false,false,17.659538,1.2904557,15.185785,-1.7299306,0.39319882,3
60.466343,0.8251042,35.35561573730262,-80.68110872129257,0,1,5958.672,0.26513273,5,1,false,false,19.986794,1.388035,18.94216,-1.7225457,0.40533862,3
60.48614,0.82538277,35.35561952297451,-80.6811187329366,0,1,5908.992,0.26105368,5,1,false,false,19.283392,1.0325788,18.090818,-1.7153571,0.38687888,3
60.502342,0.82566154,35.35562321856046,-80.6811288545378,0,1,5940.712,0.2562452,5,1,false,false,18.864391,0.60974395,16.039944,-1.7087207,0.35590246,3
60.51372,0.82594043,35.35562691407765,-80.6811390860962,0,1,5964.556,0.24823222,5,1,false,false,15.789155,0.8627095,12.95739,-1.7030015,0.30880618,3
60.53626,0.82621944,35.35563051950891,-80.6811492076974,0,1,5931.0244,0.24051014,5,1,false,false,15.18139,1.4830408,13.036213,-1.6984503,0.26939213,3
60.55876,0.8264987,35.355634124940174,-80.68115943942367,0,1,5932.2505,0.2304563,5,1,false,false,16.6941,1.2503896,13.848698,-1.6943922,0.28012908,3
60.58256,0.8267782,35.35563764021674,-80.68116967098206,0,1,5976.713,0.2237536,5,1,false,false,14.635897,1.3257935,16.471085,-1.689325,0.33724585,3
60.612072,0.8270578,35.35564115549331,-80.68117990270834,0,1,5983.432,0.22200516,5,1,false,false,15.947599,1.7561247,17.626814,-1.6824708,0.39429688,3
60.644833,0.8273377,35.35564458061519,-80.68119024439179,0,1,5956.4966,0.22593904,5,1,false,false,16.762733,1.561213,17.268875,-1.6744883,0.40089363,3
60.66409,0.82761776,35.35564791565114,-80.68120058590738,0,1,5937.3984,0.23249598,5,1,false,false,19.69285,0.8876459,19.906235,-1.6670341,0.35602096,3
60.677177,0.82789797,35.355651250687096,-80.68121092759083,0,1,5953.364,0.2359932,5,1,false,false,19.445019,0.6311985,20.621906,-1.6609086,0.30133414,3
60.69121,0.8281784,35.35565458565428,-80.68122126927429,0,1,5956.352,0.23366226,5,1,false,false,16.166477,0.9923159,17.335896,-1.6559438,0.26414347,3
60.71249,0.8284591,35.355657740449615,-80.68123172091492,0,1,5957.577,0.22768784,5,1,false,false,17.649582,1.1129543,19.56894,-1.6513767,0.27340496,3
60.733307,0.8287398,35.355660985262105,-80.68124217255557,0,1,5954.8228,0.2196739,5,1,false,false,15.018648,1.0937246,16.30292,-1.6464313,0.29715645,3
60.751343,0.82902086,35.35566404990274,-80.68125262436409,0,1,5964.521,0.20976496,5,1,false,false,10.039413,0.7948586,10.709734,-1.6412395,0.28740552,3
60.769245,0.829302,35.35566720462931,-80.68126307600474,0,1,5969.8164,0.20335379,5,1,false,false,11.8262205,1.242478,11.944485,-1.6368738,0.25453907,3
60.79437,0.8295833,35.355670179115265,-80.68127363760257,0,1,5959,0.19927303,5,1,false,false,12.699745,1.3765142,12.162069,-1.632973,0.25650287,3
60.81609,0.8298646,35.355673243687136,-80.6812840894111,0,1,5976.667,0.20014752,5,1,false,false,9.573661,1.0962437,9.5956955,-1.628771,0.27673617,3
60.84686,0.83014584,35.35567621817309,-80.68129465100893,0,1,6020.011,0.210785,5,1,false,false,13.228386,1.8662397,17.63447,-1.6234853,0.32292637,3
60.88109,0.8304272,35.35567919265903,-80.68130521277463,0,1,5979.4795,0.22637656,5,1,false,false,14.698961,1.8290266,20.656605,-1.6166991,0.36826053,3
60.90781,0.8307087,35.35568207699029,-80.68131577437246,0,1,5963.2837,0.23992711,5,1,false,false,14.1988325,1.0865328,15.246314,-1.6091388,0.35600528,3
60.91896,0.83099014,35.35568496132154,-80.68132644609537,0,1,5983.447,0.25143737,5,1,false,false,19.888067,0.46561733,20.721008,-1.6025741,0.31203732,3
60.929592,0.8312715,35.35568775549811,-80.68133700786107,0,1,5959.466,0.2526034,5,1,false,false,21.163788,0.7353327,23.327562,-1.597533,0.27671498,3
60.946785,0.831553,35.35569045958875,-80.68134767958396,0,1,5976.0254,0.24415281,5,1,false,false,16.92516,1.0404752,20.87363,-1.5925825,0.3038088,3
60.965076,0.8318343,35.35569316361062,-80.68135846126405,0,1,6018.507,0.23307896,5,1,false,false,17.823875,0.98294055,18.210754,-1.5865841,0.34499073,3
60.987995,0.8321159,35.355695777546565,-80.68136913298696,0,1,5973.9727,0.21894516,5,1,false,false,15.1158695,1.2938379,16.153805,-1.5802028,0.33995622,3
61.00783,0.8323974,35.35569830132782,-80.68137991466703,0,1,5959.567,0.20626807,5,1,false,false,14.134779,0.8825799,15.257437,-1.5746708,0.2947994,3
61.02225,0.8326789,35.35570082517784,-80.68139058638994,0,1,6001.0864,0.19140404,5,1,false,false,13.17515,0.78082895,13.717787,-1.5700339,0.26480013,3
61.044575,0.8329606,35.355703348959096,-80.68140136807003,0,1,6006.4644,0.18047397,5,1,false,false,11.256875,1.5682006,14.640072,-1.5655534,0.26805586,3
61.073112,0.8332423,35.35570578258566,-80.68141214991797,0,1,5995.3237,0.17304142,5,1,false,false,11.489605,1.4460043,14.74504,-1.5605125,0.27993935,3
61.09559,0.83352405,35.35570821628098,-80.68142304155525,0,1,5996.108,0.17420776,5,1,false,false,11.720252,1.0742002,13.330102,-1.5552952,0.27555892,3
61.113747,0.83380604,35.35571055975285,-80.68143382340321,0,1,5997.947,0.18295178,5,1,false,false,12.041841,1.0557145,16.001377,-1.550503,0.25143084,3
61.135662,0.8340879,35.35571290329349,-80.6814446050833,0,1,5992.289,0.19344434,5,1,false,false,13.268782,1.2466335,17.958088,-1.5461197,0.24663332,3
61.156662,0.83437,35.35571515667943,-80.68145549672057,0,1,5999.1157,0.20772503,5,1,false,false,13.053051,1.0825864,15.645521,-1.5414748,0.26172417,3
61.174347,0.8346522,35.355717410065374,-80.68146638852572,0,1,6006.523,0.22011092,5,1,false,false,12.518344,0.89148855,16.06438,-1.5364373,0.27862397,3
61.19114,0.83493435,35.355719573296625,-80.68147728033087,0,1,5997.9575,0.22841628,5,1,false,false,14.713075,0.89270306,17.076645,-1.5313128,0.29531854,3
61.20786,0.8352167,35.35572173659664,-80.68148817196814,0,1,5999.5776,0.23293349,5,1,false,false,14.17824,0.94979984,16.168264,-1.5261558,0.3008882,3
61.225403,0.8354991,35.35572389982789,-80.68149917373049,0,1,6011.6484,0.2307475,5,1,false,false,14.778317,0.9058959,15.627887,-1.5208719,0.31001908,3
61.24308,0.8357816,35.355725882818525,-80.68151006553563,0,1,6013.291,0.22477359,5,1,false,false,14.004718,1.0675999,12.748311,-1.5155749,0.30329272,3
61.264694,0.8360642,35.355727955895084,-80.68152106729796,0,1,6007.718,0.21544792,5,1,false,false,13.160633,1.2471616,14.727079,-1.5105337,0.29165983,3
61.286686,0.8363469,35.355729938885716,-80.68153195910311,0,1,6015.2896,0.20145933,5,1,false,false,15.115751,1.1840683,17.08116,-1.5054656,0.3008144,3
61.31159,0.8366298,35.355731831721656,-80.68154296086546,0,1,6026.1313,0.1867408,5,1,false,false,14.123909,1.4592074,17.292192,-1.4997604,0.3181346,3
61.33667,0.83691275,35.355733724557595,-80.68155396262779,0,1,6025.4395,0.17537352,5,1,false,false,14.097179,1.2124667,19.570547,-1.4934286,0.3183052,3
61.355984,0.83719593,35.35573552730761,-80.68156507434732,0,1,6014.257,0.16590065,5,1,false,false,15.57794,1.0081611,19.824032,-1.487194,0.294255,3
61.37062,0.8374792,35.35573732998886,-80.68157607610965,0,1,6013.6177,0.15875903,5,1,false,false,14.817303,0.7480378,18.93089,-1.4817175,0.25158417,3
61.384686,0.8377626,35.35573904258418,-80.681587077872,0,1,6015.144,0.15118022,5,1,false,false,13.425808,0.8644477,18.581041,-1.4774195,0.20418435,3
61.402054,0.8380461,35.355740755179504,-80.68159818959151,0,1,6012.3574,0.14535034,5,1,false,false,10.869022,1.1539118,17.249598,-1.4740636,0.17670193,3
61.421925,0.83832973,35.35574237762013,-80.68160930147891,0,1,6019.2715,0.14156076,5,1,false,false,8.610245,1.0792685,14.594589,-1.4710208,0.17266902,3
61.44496,0.8386135,35.355743909906074,-80.68162041319844,0,1,6029.8633,0.14214408,5,1,false,false,8.194441,1.3815179,18.521748,-1.4677529,0.19175045,3
61.46942,0.8388974,35.3557455323467,-80.68163152491796,0,1,6025.88,0.14899418,5,1,false,false,8.422783,1.3161693,18.300097,-1.4635776,0.21736898,3
61.491814,0.8391816,35.35574706463264,-80.68164263680536,0,1,6020.2314,0.16284013,5,1,false,false,9.359434,1.0373106,17.457575,-1.4585825,0.23563547,3
61.502823,0.8394659,35.35574850683265,-80.6816537485249,0,1,6028.4067,0.17653927,5,1,false,false,9.087271,0.31495348,16.96294,-1.4534221,0.23088059,3
61.510212,0.8397503,35.35575003911859,-80.6816648604123,0,1,6020.312,0.19286102,5,1,false,false,9.61376,0.59933615,15.5096855,-1.4492314,0.20977622,3
61.520576,0.8400348,35.355751391163906,-80.68167597213181,0,1,6018.1123,0.20451926,5,1,false,false,10.210979,0.8146329,15.620566,-1.4460133,0.20445082,3
61.53593,0.84031934,35.35575283329515,-80.6816871939764,0,1,6032.3613,0.2138455,5,1,false,false,10.942993,0.99936736,14.372906,-1.4427768,0.23095241,3
61.55467,0.8406042,35.35575418534047,-80.68169830569593,0,1,6049.478,0.22171395,5,1,false,false,9.815095,1.163015,13.169737,-1.438676,0.26551503,3
61.576557,0.8408891,35.3557554472311,-80.68170952754052,0,1,6049.9434,0.22652204,5,1,false,false,12.47946,1.2200065,15.469498,-1.4335761,0.30821547,3
61.59819,0.8411742,35.35575670912172,-80.68172063926005,0,1,6046.3105,0.23001932,5,1,false,false,13.888084,1.2030213,16.153608,-1.4276322,0.3374043,3
61.616062,0.84145945,35.35575797101235,-80.68173186110464,0,1,6047.801,0.23060177,5,1,false,false,14.5695305,0.8990227,16.42019,-1.4211199,0.35366037,3
61.62882,0.8417449,35.35575914274828,-80.68174308278135,0,1,6052.923,0.22768779,5,1,false,false,15.932153,0.71759856,15.297248,-1.4147577,0.33215714,3
61.643726,0.84203035,35.35576031455299,-80.68175430462594,0,1,6043.37,0.22258812,5,1,false,false,17.823273,0.9914809,19.415434,-1.4091004,0.3150235,3
61.658707,0.8423161,35.3557613060483,-80.68176552647053,0,1,6041.8813,0.21238798,5,1,false,false,17.793062,0.94405556,19.52119,-1.4036951,0.30847108,3
61.67406,0.84260195,35.35576238762955,-80.68177674831512,0,1,6063.574,0.20102176,5,1,false,false,18.193705,0.6181391,19.337326,-1.3979694,0.32364747,3
61.688393,0.8428879,35.35576328903893,-80.68178796999183,0,1,6072.123,0.1922786,5,1,false,false,14.823896,0.9533288,16.340374,-1.3919077,0.3201486,3
61.704525,0.84317404,35.35576419037956,-80.6817993017936,0,1,6051.0054,0.18324302,5,1,false,false,15.679379,0.9937508,17.145782,-1.386306,0.29870677,3
61.721455,0.8434604,35.35576509172018,-80.68181052363819,0,1,6052.815,0.17639373,5,1,false,false,14.827667,0.95655596,17.712673,-1.381306,0.27696177,3
61.739094,0.84374684,35.355765902906114,-80.68182185543998,0,1,6073.9424,0.16925247,5,1,false,false,13.385804,1.0926876,17.399841,-1.3763082,0.2766569,3
61.76307,0.84403354,35.35576662400612,-80.68183307728457,0,1,6075.4414,0.16648369,5,1,false,false,13.405468,1.403383,15.154913,-1.3711244,0.26849276,3
61.783024,0.8443203,35.35576734510612,-80.68184440908634,0,1,6062.389,0.16808668,5,1,false,false,12.380197,0.9946327,16.189228,-1.366114,0.2589337,3
61.799255,0.84460723,35.35576797605144,-80.68185574088811,0,1,6063.5537,0.17245904,5,1,false,false,13.864699,0.87299466,19.882458,-1.3614573,0.25687715,3
61.814026,0.84489393,35.355768606996754,-80.6818669627327,0,1,6071.963,0.18105727,5,1,false,false,13.975779,1.0044163,16.891975,-1.3567796,0.26307985,3
61.826332,0.84518075,35.35576923794206,-80.68187829453449,0,1,6076.485,0.19271553,5,1,false,false,12.853724,0.7848769,18.599514,-1.3516432,0.28879938,3
61.840023,0.8454676,35.35576968864676,-80.68188962633626,0,1,6069.054,0.20277053,5,1,false,false,14.010748,0.7025794,16.172945,-1.3462528,0.28402033,3
61.853096,0.84575427,35.35577022943738,-80.68190095813803,0,1,6073.557,0.21471977,5,1,false,false,13.552909,0.83428174,13.113127,-1.3413004,0.27413112,3
61.86672,0.84604084,35.35577058998739,-80.68191228993982,0,1,6082.4897,0.2222969,5,1,false,false,13.190451,0.90956134,14.652018,-1.3367084,0.27510962,3
61.886745,0.8463276,35.35577104069208,-80.68192362174159,0,1,6084.3794,0.22899958,5,1,false,false,15.105112,1.1670507,16.037952,-1.3318112,0.31369412,3
61.905746,0.8466142,35.355771311087395,-80.68193495354336,0,1,6097.4927,0.23307896,5,1,false,false,13.298445,1.0656798,13.856445,-1.3258159,0.35336715,3
61.925724,0.8469009,35.35577167163739,-80.68194628534515,0,1,6099.5957,0.23657621,5,1,false,false,15.29768,1.2785316,16.40215,-1.3192408,0.3686291,3
61.944096,0.84718764,35.35577185187801,-80.68195772727198,0,1,6079.5815,0.23876166,5,1,false,false,19.149483,1.1511829,18.884598,-1.3125795,0.36943394,3
61.9606,0.8474743,35.35577203211863,-80.68196905907377,0,1,6078.0845,0.23934467,5,1,false,false,17.727777,0.8697826,17.55338,-1.3059908,0.35996023,3
61.972343,0.847761,35.355772212428015,-80.68198039087554,0,1,6093.1606,0.2386159,5,1,false,false,19.254436,0.83045167,18.971676,-1.2997152,0.34548584,3
61.98785,0.8480477,35.355772212428015,-80.68199172267731,0,1,6087.265,0.23541021,5,1,false,false,20.367985,0.9307365,19.582283,-1.2935761,0.3420932,3
62.004936,0.8483344,35.355772212428015,-80.68200316443628,0,1,6077.616,0.23118499,5,1,false,false,17.656605,0.80306244,17.06807,-1.2874607,0.32983133,3
62.013638,0.84862113,35.355772212428015,-80.68201449640593,0,1,6087.1123,0.22579361,5,1,false,false,15.321318,0.605335,14.248217,-1.2818555,0.30251998,3
62.025467,0.8489079,35.35577203211863,-80.68202582820771,0,1,6095.516,0.22142239,5,1,false,false,17.55432,0.71305734,16.793888,-1.2770627,0.28760025,3
62.04346,0.8491946,35.3557719420327,-80.68203726996667,0,1,6084.2554,0.21879974,5,1,false,false,14.297686,1.0631137,15.47928,-1.2720646,0.31251428,3
62.059517,0.8494814,35.35577167163739,-80.68204860176846,0,1,6116.5527,0.21850823,5,1,false,false,12.986592,1.1205301,12.862923,-1.2662886,0.33688164,3
62.08328,0.84976834,35.355771401173314,-80.68206004369529,0,1,6121.4106,0.2228794,5,1,false,false,15.272855,1.318917,15.446577,-1.2602441,0.3332567,3
62.10433,0.8500553,35.355771130778,-80.68207137549707,0,1,6079.1636,0.23001932,5,1,false,false,16.883694,1.3554134,15.931644,-1.2544805,0.3290479,3
62.120613,0.8503424,35.355770770228006,-80.68208270729885,0,1,6100.401,0.23599319,5,1,false,false,18.626234,0.63565457,18.84087,-1.248477,0.35375032,3
62.13108,0.85062945,35.355770319592075,-80.68209414905782,0,1,6121.922,0.24327861,5,1,false,false,18.249607,0.69646347,17.121174,-1.2420809,0.35913944,3
62.14532,0.8509166,35.35576986888738,-80.68210548085959,0,1,6105.6006,0.2488152,5,1,false,false,17.200937,0.9498594,15.304197,-1.2358407,0.34321454,3
62.158813,0.85120386,35.355769328096756,-80.68211692278643,0,1,6095.784,0.25202042,5,1,false,false,19.695606,0.7607699,18.377056,-1.2301413,0.34478915,3
62.178112,0.8514911,35.35576878730614,-80.6821282545882,0,1,6119.1157,0.24910644,5,1,false,false,19.221672,1.1583747,17.195812,-1.2240391,0.36752284,3
62.197315,0.85177845,35.35576806620613,-80.68213969634718,0,1,6110.235,0.24065562,5,1,false,false,18.341133,1.2021018,17.202885,-1.2171487,0.39633834,3
62.21398,0.8520659,35.35576734510612,-80.68215102814895,0,1,6115.129,0.22870778,5,1,false,false,19.20988,1.0140551,22.089096,-1.2093847,0.41328403,3
62.229435,0.8523535,35.35576662400612,-80.68216235995072,0,1,6110.7217,0.21195097,5,1,false,false,18.839088,0.9331723,18.921919,-1.2016782,0.36412323,3
62.24513,0.8526412,35.355765722665495,-80.68217380187757,0,1,6105.4434,0.20014758,5,1,false,false,19.198557,0.9058548,19.149094,-1.1949853,0.30309802,3
62.256382,0.85292894,35.355764821324875,-80.68218513367934,0,1,6102.7915,0.18746956,5,1,false,false,16.493547,0.5525925,18.361713,-1.1898345,0.22717723,3
62.267593,0.8532168,35.35576391998425,-80.68219646548113,0,1,6098.7563,0.17653923,5,1,false,false,14.523771,0.5551103,20.01353,-1.1861889,0.19302511,3
62.27598,0.8535048,35.35576292848893,-80.6822077972829,0,1,6116.8896,0.16750395,5,1,false,false,12.052966,0.46636182,15.241985,-1.1830631,0.19922501,3
62.289597,0.8537928,35.355761846838924,-80.68221912908467,0,1,6135.484,0.16109115,5,1,false,false,8.646012,0.91248894,12.78475,-1.1797726,0.21717572,3
62.303802,0.85408103,35.35576076518891,-80.68223046088646,0,1,6131.404,0.15890512,5,1,false,false,8.445038,0.866221,10.415871,-1.1764531,0.22094053,3
62.32277,0.8543694,35.35575968360767,-80.68224190281329,0,1,6141.6577,0.16590066,5,1,false,false,9.041207,1.2548919,8.678797,-1.1729406,0.24378312,3
62.343628,0.8546578,35.35575851180297,-80.68225323461508,0,1,6162.905,0.17799708,5,1,false,false,7.725502,1.0984012,8.260391,-1.1686605,0.27326757,3
62.36739,0.8549465,35.355757340067036,-80.68226456641685,0,1,6155.8345,0.1985443,5,1,false,false,10.498653,1.5688024,11.5815525,-1.1636944,0.30361086,3
62.392376,0.85523534,35.355756168331105,-80.68227589821862,0,1,6150.316,0.21821639,5,1,false,false,14.390606,1.4661033,14.833746,-1.1579349,0.33395708,3
62.415035,0.85552424,35.355754906440474,-80.6822872300204,0,1,6147.9067,0.24094707,5,1,false,false,17.580055,1.483991,18.826712,-1.151407,0.3684754,3
62.436195,0.85581344,35.35575355439516,-80.68229856182218,0,1,6141.518,0.25580826,5,1,false,false,20.35536,0.9639278,19.77665,-1.1441039,0.38412023,3
62.452076,0.85610276,35.35575220234984,-80.68230989362395,0,1,6125.0835,0.2648416,5,1,false,false,21.913403,0.90180665,22.36633,-1.1368206,0.3745018,3
62.458946,0.8563922,35.35575076021859,-80.68232122542574,0,1,6127.7905,0.26323885,5,1,false,false,23.284117,0.25050488,23.075764,-1.1301703,0.34082836,3
62.46812,0.85668176,35.35574922786389,-80.68233255722751,0,1,6131.128,0.25551695,5,1,false,false,21.697582,0.7912501,19.949505,-1.1246223,0.3033992,3
62.481033,0.8569714,35.35574769557795,-80.6823437790721,0,1,6129.514,0.24619253,5,1,false,false,17.443394,0.6931921,17.443981,-1.1197166,0.28452572,3
62.49444,0.85726124,35.35574607313732,-80.68235511087387,0,1,6140.4746,0.2342447,5,1,false,false,16.249964,0.81993973,16.785751,-1.114962,0.29662648,3
62.510868,0.8575513,35.355744360542,-80.68236633271847,0,1,6158.7617,0.22419117,5,1,false,false,14.704748,0.97709537,14.388807,-1.1095806,0.33253586,3
62.52854,0.85784143,35.35574255786075,-80.68237766452025,0,1,6154.6387,0.21122248,5,1,false,false,13.28728,1.1919822,13.420807,-1.1035258,0.35127178,3
62.546513,0.8581318,35.35574084526543,-80.68238888636483,0,1,6151.058,0.19854425,5,1,false,false,14.682331,0.85286576,13.447115,-1.0972677,0.34479898,3
62.561886,0.85842246,35.35573895242949,-80.68240010804155,0,1,6153.9404,0.18936414,5,1,false,false,14.618308,1.0081577,12.603039,-1.0914708,0.31255326,3
62.579647,0.8587131,35.355737149748244,-80.68241132988614,0,1,6153.7847,0.18266055,5,1,false,false,15.63834,0.9999443,17.16851,-1.0862021,0.29229054,3
62.595284,0.85900414,35.35573516675761,-80.68242266168791,0,1,6155.3633,0.18164027,5,1,false,false,15.194653,1.0671564,14.645628,-1.0810966,0.28206867,3
62.610737,0.8592952,35.35573327392167,-80.6824338835325,0,1,6161.4185,0.18615751,5,1,false,false,14.314776,0.9158169,15.23042,-1.0761758,0.26543775,3
62.624664,0.8595864,35.35573120077634,-80.68244510529316,0,1,6147.3086,0.19271553,5,1,false,false,15.980771,0.87907994,17.251814,-1.0717353,0.2502232,3
62.641224,0.85987765,35.35572912769979,-80.68245621709661,0,1,6147.858,0.19796178,5,1,false,false,15.424356,0.87528145,15.491876,-1.0673567,0.26434663,3
62.65396,0.860169,35.35572705455446,-80.68246743885727,0,1,6171.357,0.2020418,5,1,false,false,14.625792,0.75988144,14.757312,-1.0625588,0.28103495,3
62.669895,0.8604603,35.35572489132321,-80.68247866070186,0,1,6169.179,0.20481053,5,1,false,false,15.622316,1.0956099,16.544191,-1.0574859,0.29370657,3
62.688698,0.8607515,35.35572272809196,-80.68248977242138,0,1,6148.5254,0.2053938,5,1,false,false,16.153088,0.9389953,16.788586,-1.0521065,0.30997172,3
62.70483,0.8610428,35.35572047470602,-80.68250099426596,0,1,6162.598,0.20437385,5,1,false,false,13.419168,0.64398444,15.175659,-1.0464675,0.3102911,3
62.71406,0.861334,35.35571813116538,-80.68251210606944,0,1,6173.38,0.20247929,5,1,false,false,15.228225,0.79848796,14.547674,-1.0411028,0.29261467,3
62.73281,0.8616252,35.355715787624746,-80.68252321778895,0,1,6159.9814,0.199273,5,1,false,false,16.377644,1.0237707,17.596964,-1.0359331,0.29521912,3
62.74849,0.8619165,35.35571335399818,-80.68253443963354,0,1,6154.9097,0.1950473,5,1,false,false,13.986476,0.6448756,15.050405,-1.0306151,0.29940337,3
62.76291,0.8622077,35.355710920302855,-80.68254555135307,0,1,6189.31,0.18994656,5,1,false,false,17.860699,1.2083251,19.677399,-1.0250808,0.30317158,3
62.777695,0.8624988,35.35570848667629,-80.6825565531154,0,1,6176.09,0.18761507,5,1,false,false,16.229492,1.0680947,18.683584,-1.0195377,0.28684342,3
62.793495,0.8627901,35.35570587274035,-80.68256766491888,0,1,6146.4834,0.18586627,5,1,false,false,13.588632,0.7487455,15.03075,-1.0144402,0.26318425,3
62.804714,0.86308134,35.355703258804404,-80.68257877672234,0,1,6170.448,0.1849918,5,1,false,false,17.742208,0.75775313,18.172852,-1.0100491,0.25043428,3
62.813087,0.8633725,35.355700644868456,-80.68258977848467,0,1,6171.604,0.1835348,5,1,false,false,12.164944,0.8153123,14.035784,-1.0059174,0.23847082,3
62.82717,0.8636638,35.35569794084658,-80.68260089028813,0,1,6168.163,0.18411757,5,1,false,false,11.817606,0.81233525,12.73582,-1.0018567,0.25381324,3
62.846996,0.863955,35.35569523675595,-80.68261189205047,0,1,6190.3726,0.1890723,5,1,false,false,14.695323,0.8920803,16.18738,-0.99732137,0.27157366,3
62.860584,0.86424625,35.35569253266531,-80.6826228938128,0,1,6175.106,0.19621305,5,1,false,false,12.178344,1.1289374,12.165834,-0.9923554,0.2823127,3
62.877575,0.8645376,35.35568964833405,-80.68263389557515,0,1,6180.9824,0.20772502,5,1,false,false,14.457952,0.7570946,14.015526,-0.98733604,0.2862117,3
62.891438,0.8648289,35.35568685415749,-80.68264489733748,0,1,6174.993,0.21821639,5,1,false,false,14.966128,0.9407003,16.096115,-0.9824026,0.28825936,3
62.90619,0.86512023,35.35568396982623,-80.68265589909981,0,1,6182.8374,0.23103932,5,1,false,false,16.50573,0.9903383,17.447214,-0.9771788,0.31588432,3
62.921864,0.86541164,35.35568099534028,-80.68266690086216,0,1,6199.479,0.23992714,5,1,false,false,16.819904,0.81354135,17.549034,-0.9710767,0.3487518,3
62.936897,0.86570305,35.3556780209231,-80.68267779258336,0,1,6184.849,0.24808648,5,1,false,false,15.6970005,0.8122031,16.758547,-0.96440405,0.3562689,3
62.945316,0.8659945,35.355674956282456,-80.68268868430458,0,1,6175.905,0.25114614,5,1,false,false,19.995844,0.3808288,16.126484,-0.9581548,0.33344814,3
62.95221,0.866286,35.355671891710585,-80.6826995760258,0,1,6182.2915,0.24823219,5,1,false,false,20.761532,0.7093339,18.968063,-0.95264745,0.31579524,3
62.959583,0.8665775,35.35566864682932,-80.68271046783094,0,1,6183.98,0.23861587,5,1,false,false,14.756727,0.6283217,12.905172,-0.9476575,0.28828079,3
62.97038,0.866869,35.35566549203399,-80.68272135955215,0,1,6198.786,0.22812507,5,1,false,false,16.751717,0.6995044,13.288855,-0.94278866,0.30812505,3
62.981606,0.8671606,35.355662247221495,-80.68273225127336,0,1,6200.3804,0.21705094,5,1,false,false,15.543254,0.6631699,12.646931,-0.93783593,0.30031168,3
62.999763,0.8674522,35.35565891218555,-80.68274303303738,0,1,6192.0625,0.21093103,5,1,false,false,16.182367,1.2488897,14.831952,-0.9327263,0.32797095,3
63.01749,0.8677439,35.35565557714959,-80.68275381471747,0,1,6216.3184,0.20918258,5,1,false,false,14.859468,0.6647739,13.174223,-0.9268271,0.3448048,3
63.03182,0.86803573,35.35565224218241,-80.68276459648149,0,1,6210.156,0.2125337,5,1,false,false,15.426276,0.8155137,13.299626,-0.92051744,0.3505874,3
63.046448,0.8683276,35.35564872690584,-80.68277537816158,0,1,6203.4834,0.22025636,5,1,false,false,19.111992,0.6026507,14.338784,-0.9144188,0.3279349,3
63.060127,0.8686196,35.35564530171519,-80.6827861599256,0,1,6192.069,0.22783327,5,1,false,false,18.130299,0.96916634,16.550987,-0.9089896,0.3114746,3
63.0719,0.8689116,35.35564169628393,-80.6827968316485,0,1,6218.1265,0.2329335,5,1,false,false,18.80955,0.6484856,17.84645,-0.90358174,0.31895992,3
63.08483,0.86920375,35.355638181007365,-80.68280761332858,0,1,6228.4375,0.23934469,5,1,false,false,18.793734,1.0903734,16.82896,-0.89775044,0.33487132,3
63.10516,0.869496,35.35563448549018,-80.68281828505148,0,1,6202.244,0.24327856,5,1,false,false,19.309355,1.0314397,18.832813,-0.89159065,0.34627783,3
63.119286,0.86978835,35.35563078990422,-80.68282895677437,0,1,6184.1416,0.2441528,5,1,false,false,19.588413,0.7001267,17.103075,-0.8854672,0.34425804,3
63.12792,0.87008077,35.35562700423234,-80.68283951845615,0,1,6218.8125,0.24211308,5,1,false,false,19.565737,0.6030712,19.174767,-0.87937164,0.3496011,3
63.14207,0.87037325,35.35562321856046,-80.68285008013792,0,1,6220.4575,0.23745047,5,1,false,false,19.51778,0.9329701,19.848635,-0.87298805,0.36176628,3
63.161156,0.87066597,35.35561934273389,-80.68286075186082,0,1,6195.9062,0.23176807,5,1,false,false,20.455772,1.161002,20.203478,-0.8662011,0.375418,3
63.17445,0.87095875,35.355615376752624,-80.68287120358539,0,1,6206.2163,0.22317058,5,1,false,false,18.491568,0.42734632,19.966862,-0.8592255,0.3569041,3
63.182327,0.87125164,35.35561141077135,-80.68288176526717,0,1,6212.783,0.2142822,5,1,false,false,15.959161,0.42800346,16.762653,-0.852853,0.31609267,3
63.191017,0.8715447,35.35560735470416,-80.68289221690782,0,1,6200.378,0.2074338,5,1,false,false,16.89286,0.3915799,16.022408,-0.8476163,0.27226546,3
63.19862,0.8718378,35.35560329863697,-80.68290266854846,0,1,6197.011,0.19912753,5,1,false,false,13.812979,0.56089735,13.50486,-0.8434964,0.23527499,3
63.205227,0.87213105,35.35559915241509,-80.68291312027304,0,1,6209.9497,0.19154978,5,1,false,false,11.137251,0.4859264,9.760781,-0.8401916,0.2179254,3
63.217007,0.8724245,35.35559500612444,-80.68292357191369,0,1,6232.1226,0.18470053,5,1,false,false,13.244466,0.98649395,11.086812,-0.83700633,0.23488171,3
63.235558,0.87271804,35.35559076981663,-80.68293391359714,0,1,6241.653,0.18353479,5,1,false,false,11.836525,1.0255868,10.335524,-0.8329131,0.28296477,3
63.25492,0.87301177,35.355586533440054,-80.68294436523779,0,1,6242.6357,0.19198681,5,1,false,false,11.991233,1.2022403,10.475618,-0.827882,0.3099215,3
63.281242,0.87330574,35.35558229706348,-80.68295470692125,0,1,6240.9146,0.20495626,5,1,false,false,15.80076,1.5482227,15.97481,-0.82211345,0.33585036,3
63.299862,0.8735998,35.35557797053221,-80.6829650486047,0,1,6212.9644,0.22360817,5,1,false,false,16.879896,1.0187422,16.065353,-0.81585646,0.34713945,3
63.316883,0.8738943,35.35557364406971,-80.68297539020422,0,1,6238.721,0.24182132,5,1,false,false,18.71828,0.7774715,18.169693,-0.8091369,0.3539653,3
63.325455,0.8741887,35.35556922738375,-80.68298562184656,0,1,6223.7754,0.25376886,5,1,false,false,19.557468,0.58833915,17.701614,-0.80277264,0.32308906,3
63.33514,0.8744833,35.35556481076656,-80.68299596353,0,1,6195.449,0.2603249,5,1,false,false,20.514223,0.49403933,18.41059,-0.7974074,0.29131123,3
63.33987,0.8747781,35.35556021383998,-80.68300619517234,0,1,6214.805,0.25697377,5,1,false,false,19.947184,0.18787059,16.68581,-0.792673,0.28398985,3
63.347034,0.8750729,35.35555570713686,-80.68301631677355,0,1,6234.4795,0.24502702,5,1,false,false,17.466608,0.5686877,14.961636,-0.78803855,0.2901927,3
63.36047,0.87536776,35.355551020055586,-80.68302643837475,0,1,6228.1196,0.23176801,5,1,false,false,16.937183,0.82872427,14.223353,-0.7830881,0.31095293,3
63.375587,0.8756624,35.355546423129006,-80.68303667001709,0,1,6227.876,0.21603099,5,1,false,false,15.761431,0.85612065,14.356044,-0.77773225,0.3269861,3
63.392437,0.8759571,35.355541645961814,-80.6830466816611,0,1,6241.057,0.2049563,5,1,false,false,16.104486,0.9886941,18.024216,-0.7718305,0.3453614,3
63.41224,0.8762518,35.35553695894931,-80.6830568032623,0,1,6246.7183,0.19606733,5,1,false,false,16.033287,1.0889833,17.180317,-0.76523924,0.35500115,3
63.429386,0.87654656,35.35553209162742,-80.68306681490633,0,1,6236.095,0.192861,5,1,false,false,15.008494,0.82424027,15.527313,-0.7584733,0.33294392,3
63.43897,0.8768414,35.35552731446022,-80.6830768264664,0,1,6220.832,0.19169526,5,1,false,false,14.626321,0.45027786,15.120943,-0.752814,0.2658519,3
63.446674,0.87713623,35.35552235698364,-80.68308683811041,0,1,6213.7256,0.19038405,5,1,false,false,15.890783,0.5436082,15.507616,-0.7489378,0.20957376,3
63.45638,0.877431,35.35551748966175,-80.68309684967049,0,1,6228.6094,0.1881978,5,1,false,false,13.026375,0.7434059,14.182,-0.74586225,0.19904475,3
63.47107,0.87772584,35.35551253225393,-80.68310675127339,0,1,6249.019,0.18688627,5,1,false,false,12.418239,0.9636442,15.005341,-0.7423925,0.23328665,3
63.49186,0.87802064,35.35550748462266,-80.68311665287628,0,1,6247.985,0.19023833,5,1,false,false,14.413471,1.3330393,18.256615,-0.7377356,0.29109243,3
63.512985,0.87831557,35.35550243706015,-80.68312655447917,0,1,6231.8013,0.19665006,5,1,false,false,13.973438,1.0060799,17.972618,-0.7319742,0.313437,3
63.526623,0.87861055,35.35549738949765,-80.68313634604094,0,1,6242.1807,0.20714258,5,1,false,false,14.6908455,0.53398377,17.21819,-0.7258654,0.31007993,3
63.53335,0.8789055,35.35549225178045,-80.6831461376027,0,1,6239.4185,0.21836215,5,1,false,false,14.256071,0.3538657,13.880009,-0.7203899,0.2705786,3
63.541042,0.8792005,35.35548702390856,-80.68315603916362,0,1,6220.518,0.22550237,5,1,false,false,13.84132,0.5742162,12.9152775,-0.71626467,0.22679786,3
63.549896,0.8794955,35.355481886191356,-80.68316572072622,0,1,6228.753,0.23001929,5,1,false,false,14.6525345,0.48860532,14.491659,-0.7129632,0.22865798,3
63.561035,0.8797904,35.35547656816477,-80.68317551228799,0,1,6258.029,0.23220475,5,1,false,false,12.502354,0.7938132,12.886908,-0.70898604,0.27691343,3
63.57837,0.8800855,35.355471340361646,-80.6831851938506,0,1,6273.1445,0.23628438,5,1,false,false,13.612004,1.1318578,14.201756,-0.7036819,0.3324619,3
63.59704,0.88038063,35.35546602233506,-80.68319487537124,0,1,6245.9487,0.24051015,5,1,false,false,15.011748,0.91529644,14.623567,-0.69744146,0.35630956,3
63.608475,0.8806758,35.35546061422255,-80.68320455693384,0,1,6238.792,0.24415283,5,1,false,false,15.944286,0.4916106,12.317205,-0.6913045,0.33354,3
63.61536,0.8809709,35.35545520607566,-80.68321412845533,0,1,6261.8574,0.24415281,5,1,false,false,18.950802,0.5795517,16.375843,-0.68570054,0.3241473,3
63.625935,0.8812661,35.355449797963146,-80.68322370001879,0,1,6257.06,0.24153015,5,1,false,false,19.324263,0.69990945,16.782497,-0.6802362,0.3233832,3
63.642994,0.88156134,35.35544429969595,-80.68323327154026,0,1,6265.5864,0.23745047,5,1,false,false,19.802494,1.1031402,18.32985,-0.6741775,0.35438287,3
63.657467,0.8818567,35.35543871130843,-80.68324284306175,0,1,6264.3315,0.23526444,5,1,false,false,18.753773,0.5770082,17.512661,-0.66756773,0.3561509,3
63.669025,0.88215196,35.35543312292092,-80.68325230458407,0,1,6240.896,0.23307896,5,1,false,false,18.188845,0.593074,18.672398,-0.66124266,0.3336789,3
63.677467,0.88244736,35.35542753449903,-80.68326165606527,0,1,6245.467,0.22841631,5,1,false,false,18.466135,0.4506089,17.864449,-0.6556251,0.30493933,3
63.68286,0.8827427,35.35542176583651,-80.6832711175876,0,1,6257.4414,0.21909097,5,1,false,false,17.327082,0.21012379,13.813528,-0.6506618,0.2737038,3
63.693703,0.88303816,35.35541608732869,-80.68328046911076,0,1,6267.1606,0.2084538,5,1,false,false,16.72359,0.86651355,15.331771,-0.6460211,0.2772734,3
63.70764,0.8833336,35.3554103186318,-80.6832897105928,0,1,6255.9917,0.19548431,5,1,false,false,10.97183,0.566692,10.948641,-0.64149,0.25410715,3
63.717686,0.88362914,35.35540445984898,-80.683299062074,0,1,6262.7383,0.18732385,5,1,false,false,14.473203,0.8650151,11.908768,-0.6373386,0.2612096,3
63.732105,0.88392484,35.355398601031766,-80.68330830355605,0,1,6274.6514,0.18236853,5,1,false,false,12.292436,0.58995175,11.0563755,-0.6330589,0.26326162,3
63.74305,0.88422054,35.355392742248945,-80.68331754503808,0,1,6260.9644,0.18266061,5,1,false,false,10.331662,1.1190289,10.633509,-0.6287603,0.27008292,3
63.763973,0.8845164,35.35538688343174,-80.683326676479,0,1,6294.9937,0.18761507,5,1,false,false,14.040853,0.83933616,15.124186,-0.6241112,0.28450313,3
63.778576,0.8848123,35.35538093449423,-80.68333591796105,0,1,6278.087,0.19810759,5,1,false,false,14.547108,1.0829422,13.037442,-0.61884797,0.30981976,3
63.802147,0.88510835,35.355374985556715,-80.68334504944393,0,1,6286.869,0.2085993,5,1,false,false,18.047157,1.2200253,18.995522,-0.61287284,0.3348821,3
63.81774,0.8854045,35.35536894646451,-80.68335418088485,0,1,6269.427,0.21996519,5,1,false,false,16.66085,0.7769913,18.659378,-0.6065292,0.32195884,3
63.827618,0.8857008,35.35536290740668,-80.68336320236857,0,1,6260.1997,0.22608542,5,1,false,false,20.545584,0.45851827,16.339458,-0.60084087,0.28816956,3
63.833138,0.88599706,35.355356778194164,-80.68337222381034,0,1,6269.4375,0.22666779,5,1,false,false,19.698544,0.10920261,20.504984,-0.595859,0.2724596,3
63.84094,0.8862934,35.35535055886134,-80.6833812452521,0,1,6259.1016,0.22069392,5,1,false,false,17.233234,0.6670102,17.604628,-0.5913335,0.2697137,3
63.853767,0.88658994,35.355344429648824,-80.68339015665272,0,1,6282.1675,0.21005681,5,1,false,false,17.351568,0.64170855,17.605305,-0.5864613,0.2921554,3
63.866917,0.8868865,35.355338120161306,-80.6833989580542,0,1,6280.0815,0.19956478,5,1,false,false,15.018728,0.82281077,16.07981,-0.58106107,0.31027284,3
63.88341,0.8871832,35.35533190082848,-80.6834078694968,0,1,6265.6875,0.19198677,5,1,false,false,15.222878,0.7248493,17.661692,-0.5754483,0.30980575,3
63.894314,0.88748,35.35532550118627,-80.68341667089828,0,1,6276.9375,0.1833888,5,1,false,false,12.902376,0.6360038,14.962879,-0.5699966,0.2894991,3
63.902817,0.8877769,35.35531919173314,-80.68342547234172,0,1,6283.085,0.177705,5,1,false,false,12.090048,0.51196724,12.148804,-0.5651409,0.26046136,3
63.914795,0.888074,35.35531279209093,-80.68343416370207,0,1,6272.0454,0.17245902,5,1,false,false,11.917401,0.7586765,11.567131,-0.56102943,0.23349923,3
63.9259,0.88837117,35.3553063924831,-80.68344296510355,0,1,6271.7607,0.16925243,5,1,false,false,10.881141,0.61137074,10.102499,-0.55744815,0.22385652,3
63.937935,0.8886685,35.355299992875274,-80.68345165650587,0,1,6291.782,0.16764973,5,1,false,false,10.047797,0.8350087,9.183069,-0.5540442,0.22229576,3
63.954105,0.888966,35.355293503112755,-80.68346034790818,0,1,6300.0405,0.16998118,5,1,false,false,12.112074,1.1963763,12.697566,-0.5503957,0.24635644,3
63.972813,0.8892637,35.355287013384626,-80.68346892926938,0,1,6296.504,0.17697676,5,1,false,false,12.334059,1.033997,12.67244,-0.545962,0.2774229,3
63.99344,0.8895616,35.355280433467414,-80.68347751067255,0,1,6303.373,0.18528332,5,1,false,false,12.677534,1.2042071,14.409628,-0.5407043,0.30224255,3
64.011604,0.88985974,35.35527394373928,-80.68348609203373,0,1,6290.6772,0.19154982,5,1,false,false,13.556092,0.7151595,12.099079,-0.53523326,0.28298143,3
64.0233,0.89015794,35.355267273701756,-80.68349467339492,0,1,6270.2676,0.19431858,5,1,false,false,15.50459,0.75456536,15.24207,-0.53045183,0.26248455,3
64.03066,0.89045644,35.35526069381893,-80.68350314475695,0,1,6286.387,0.19052985,5,1,false,false,14.05338,0.3093727,15.263854,-0.5262067,0.24536067,3
64.04123,0.8907551,35.35525402381579,-80.68351161611899,0,1,6301.0312,0.18149427,5,1,false,false,14.385492,0.96847236,13.222538,-0.52216387,0.24794278,3
64.05774,0.891054,35.35524735377827,-80.68352008748103,0,1,6295.1387,0.17245899,5,1,false,false,13.350618,0.9529371,13.508544,-0.5178523,0.25522196,3
64.06783,0.8913531,35.355240593620444,-80.68352844882293,0,1,6276.213,0.16138265,5,1,false,false,13.896835,0.3034272,10.708977,-0.5138436,0.23627995,3
64.07722,0.8916524,35.35523383346261,-80.68353692016397,0,1,6302.561,0.15234654,5,1,false,false,12.564339,0.520427,11.143995,-0.51027626,0.22196348,3
64.08663,0.8919518,35.35522707330478,-80.68354517148573,0,1,6302.7134,0.1462249,5,1,false,false,9.4030695,0.49311584,8.7433195,-0.5070171,0.2174798,3
64.10864,0.8922512,35.35522022302664,-80.68355353282763,0,1,6327.6685,0.14622489,5,1,false,false,13.314447,1.4549323,12.5952015,-0.50327563,0.24356368,3
64.133255,0.8925507,35.35521346286882,-80.68356178414938,0,1,6329.1377,0.15074325,5,1,false,false,12.493468,1.264015,15.020855,-0.4984484,0.28100982,3
64.15844,0.89285046,35.355206522435985,-80.68357003547113,0,1,6300.1006,0.15832207,5,1,false,false,10.942022,1.308636,13.669947,-0.4928933,0.28256056,3
64.174805,0.8931501,35.35519967212346,-80.68357828679288,0,1,6290.0903,0.16531739,5,1,false,false,13.978618,0.9553329,16.133472,-0.48794523,0.2377622,3
64.18813,0.89344996,35.35519273169063,-80.6835864280945,0,1,6284.732,0.16706645,5,1,false,false,16.503458,0.81136614,21.759998,-0.48378304,0.23088245,3
64.20057,0.89374983,35.3551857912578,-80.6835945693961,0,1,6291.305,0.16138265,5,1,false,false,12.367171,0.82164186,15.570074,-0.47975123,0.21875997,3
64.21516,0.8940497,35.35517876070466,-80.6836027107187,0,1,6302.719,0.14913996,5,1,false,false,11.828537,0.8154761,18.933723,-0.47591183,0.20634528,3
64.22862,0.8943497,35.35517173015152,-80.68361074200017,0,1,6281.9272,0.13558495,5,1,false,false,11.777348,0.8814974,15.928926,-0.47248062,0.19205698,3
64.2425,0.89464974,35.35516469958119,-80.68361877328164,0,1,6290.537,0.1214463,5,1,false,false,9.950063,0.64669865,12.313656,-0.46921542,0.18867911,3
64.25447,0.8949499,35.35515757889055,-80.6836268045631,0,1,6311.785,0.10249647,5,1,false,false,6.8450084,0.91139394,12.20725,-0.46615,0.17223254,3
64.27127,0.89525026,35.35515045818271,-80.68363483584459,0,1,6299.198,0.08893946,5,1,false,false,6.3267527,1.1047137,10.09296,-0.4634667,0.15220365,3
64.290794,0.89555055,35.35514333749207,-80.68364275712689,0,1,6306.649,0.08077562,5,1,false,false,6.0106344,1.1342981,9.866203,-0.46095622,0.14596525,3
64.3077,0.895851,35.355136216784246,-80.68365067838822,0,1,6320.7007,0.07786,5,1,false,false,5.9462624,0.96827656,9.997654,-0.45844573,0.14014564,3
64.329445,0.89615166,35.355129096093606,-80.68365859964955,0,1,6308.1753,0.08354546,5,1,false,false,5.1710663,1.3880045,12.631426,-0.4560282,0.13411199,3
64.350655,0.89645237,35.355121885248266,-80.68366652093187,0,1,6307.4873,0.09462497,5,1,false,false,5.6705647,0.9721852,12.380486,-0.4535628,0.13260604,3
64.36743,0.89675325,35.35511467442013,-80.6836744421932,0,1,6317.6475,0.106286615,5,1,false,false,7.4319944,1.0651492,12.360485,-0.4510694,0.13975024,3
64.3844,0.89705426,35.355107553712294,-80.68368225344487,0,1,6305.979,0.11619866,5,1,false,false,7.1926866,1.0151938,14.96258,-0.44856524,0.14318787,3
64.40218,0.8973554,35.35510025274665,-80.68369017471669,0,1,6301.2925,0.122758076,5,1,false,false,6.930259,0.9368421,12.570387,-0.4460585,0.14761885,3
64.415344,0.8976565,35.355093041918515,-80.68369798596837,0,1,6320.3467,0.12917152,5,1,false,false,8.472662,0.67267835,11.499932,-0.4434409,0.15981059,3
64.43023,0.8979578,35.35508574093568,-80.68370579722004,0,1,6316.4805,0.13208687,5,1,false,false,7.050401,0.8468726,11.553158,-0.4407607,0.16143915,3
64.44816,0.8982592,35.35507853010754,-80.68371360847172,0,1,6305.8735,0.1328156,5,1,false,false,8.544384,1.0732322,13.00642,-0.43810833,0.16995552,3
64.465096,0.8985607,35.3550712291419,-80.68372130970326,0,1,6326.097,0.13194112,5,1,false,false,8.49193,0.94264996,12.702404,-0.4351421,0.18384033,3
64.4826,0.89886224,35.355063838021564,-80.68372912095495,0,1,6329.6704,0.13077505,5,1,false,false,8.939741,1.1422153,13.055889,-0.43185082,0.19265568,3
64.50082,0.89916396,35.35505653705592,-80.68373682218648,0,1,6319.111,0.12902609,5,1,false,false,8.850211,0.8580517,10.270979,-0.42855236,0.1797049,3
64.51587,0.8994658,35.355049145952776,-80.68374452341801,0,1,6315.5444,0.12683977,5,1,false,false,9.192764,0.87400055,11.887306,-0.42559546,0.16902082,3
64.52976,0.8997677,35.35504175484964,-80.6837521146399,0,1,6324.437,0.12377836,5,1,false,false,9.812393,0.62756056,13.029392,-0.42283887,0.16682823,3
64.54701,0.90006965,35.35503436374649,-80.68375981587144,0,1,6334.888,0.121155076,5,1,false,false,9.236153,1.2212713,13.312069,-0.4198579,0.17725705,3
64.56654,0.9003718,35.35502697264335,-80.68376740708808,0,1,6336.7666,0.12042606,5,1,false,false,9.505163,1.027377,14.838593,-0.41651472,0.18408643,3
64.584816,0.90067405,35.35501949139411,-80.68377499830473,0,1,6316.2173,0.12144631,5,1,false,false,8.978351,0.94077504,14.746437,-0.41313758,0.17586902,3
64.59725,0.9009764,35.355012010153466,-80.68378258951613,0,1,6315.0776,0.123486854,5,1,false,false,9.289013,0.5964991,15.119671,-0.4100801,0.16284907,3
64.6075,0.90127885,35.35500452891282,-80.68379007071788,0,1,6331.7886,0.12625644,5,1,false,false,9.124148,0.6490226,14.264282,-0.40731272,0.15380876,3
64.618805,0.90158135,35.35499704767218,-80.68379755191437,0,1,6333.2,0.12902601,5,1,false,false,8.025196,0.6765904,12.0435295,-0.40464607,0.15193313,3
64.63222,0.9018839,35.35498947629404,-80.68380503311087,0,1,6326.728,0.13194107,5,1,false,false,7.6261287,0.82689136,12.2755165,-0.4021555,0.15164675,3
64.6441,0.90218663,35.35498199505339,-80.68381251431262,0,1,6337.308,0.13602217,5,1,false,false,7.5971518,0.61936563,10.812735,-0.39962098,0.16112313,3
64.65745,0.9024894,35.354974423675245,-80.68381999550913,0,1,6351.508,0.14097801,5,1,false,false,8.339668,0.8995572,8.732719,-0.3968978,0.17814785,3
64.67272,0.90279233,35.3549668522971,-80.68382736669072,0,1,6352.547,0.14826544,5,1,false,false,8.5990925,1.0606728,10.803454,-0.39397165,0.18776578,3
64.6915,0.90309536,35.354959190790055,-80.68383484788853,0,1,6350.081,0.1577388,5,1,false,false,9.9823475,1.2013183,10.526301,-0.39068097,0.21264528,3
64.71211,0.9033985,35.35495161941191,-80.68384221906884,0,1,6361.262,0.16808668,5,1,false,false,10.831481,0.92088765,12.113735,-0.38669997,0.24851348,3
64.72912,0.90370184,35.35494395790056,-80.68384948023193,0,1,6357.772,0.17683071,5,1,false,false,10.788573,0.87395215,11.345842,-0.3821748,0.25803038,3
64.74541,0.9040053,35.35493629638921,-80.68385685141256,0,1,6349.7476,0.18236852,5,1,false,false,15.083058,1.0224029,15.080906,-0.3776987,0.25781173,3
64.75616,0.90430874,35.354928634877865,-80.68386411257534,0,1,6346.746,0.18178603,5,1,false,false,14.165965,0.49515313,13.563095,-0.3733025,0.2516585,3
64.7641,0.90461236,35.35492088322902,-80.68387137373877,0,1,6357.2573,0.17406228,5,1,false,false,12.919753,0.6789041,10.989647,-0.36930025,0.23015808,3
64.77649,0.9049161,35.35491313158232,-80.68387852488402,0,1,6364.483,0.16079992,5,1,false,false,14.3612175,0.7827461,13.092439,-0.36556318,0.22865823,3
64.78823,0.90521985,35.35490537993348,-80.68388567603058,0,1,6349.0273,0.140832,5,1,false,false,10.818537,0.7692884,7.22408,-0.3620673,0.20912091,3
64.80335,0.9055239,35.35489762828678,-80.68389282717453,0,1,6372.412,0.12159209,5,1,false,false,10.608431,1.0789728,10.033629,-0.35884234,0.20078616,3
64.82029,0.90582794,35.35488978650365,-80.6838999783211,0,1,6377.5312,0.100163855,5,1,false,false,10.01677,0.9479731,8.520345,-0.3555946,0.20328918,3
64.839096,0.90613216,35.35488203485605,-80.68390701944753,0,1,6373.763,0.08471151,5,1,false,false,8.101036,1.1763806,5.854496,-0.3522232,0.19756031,3
64.85672,0.9064365,35.354874193073286,-80.68391406057395,0,1,6386.711,0.07552708,5,1,false,false,8.97908,0.96030116,8.105646,-0.3491398,0.16803707,3
64.87547,0.9067409,35.3548663512907,-80.68392110170562,0,1,6360.957,0.0724657,5,1,false,false,9.062853,1.2772871,8.712301,-0.346733,0.1365252,3
64.89561,0.90704525,35.35485841937223,-80.68392814283206,0,1,6368.3286,0.07713093,5,1,false,false,8.53694,1.1004685,8.469044,-0.3446753,0.12501313,3
64.91356,0.90734935,35.354850577588024,-80.68393518395848,0,1,6388.6724,0.088793136,5,1,false,false,9.174214,1.0758357,10.090325,-0.34263527,0.12796907,3
64.933655,0.9076536,35.35484264567062,-80.68394211507001,0,1,6376.086,0.10643233,5,1,false,false,8.601338,1.1718322,9.216993,-0.34045216,0.13471816,3
64.9539,0.9079578,35.354834713751075,-80.68394904618154,0,1,6371.8516,0.12290358,5,1,false,false,9.051658,0.98704636,10.510448,-0.33802608,0.15209611,3
64.96893,0.90826195,35.35482678183582,-80.68395597729308,0,1,6381.339,0.13966602,5,1,false,false,10.32014,0.8538109,11.243146,-0.33536404,0.16792001,3
64.984146,0.90856624,35.35481884991626,-80.68396290839411,0,1,6378.31,0.15249223,5,1,false,false,10.366193,0.9139269,9.898871,-0.3324893,0.18094751,3
64.99876,0.90887034,35.35481082786351,-80.683969729496,0,1,6376.947,0.16182017,5,1,false,false,10.346494,0.80460805,7.8512206,-0.32948753,0.18990216,3
65.0131,0.9091745,35.354802805810756,-80.68397655058739,0,1,6385.5127,0.16429743,5,1,false,false,10.319109,0.90803003,8.323306,-0.32641447,0.19670148,3
65.03072,0.9094787,35.354794783753704,-80.68398337167878,0,1,6391.206,0.16284016,5,1,false,false,11.366989,1.0044389,9.304024,-0.32312194,0.2163796,3
65.04998,0.9097829,35.35478676169665,-80.68399019277017,0,1,6398.7646,0.15730184,5,1,false,false,11.536596,1.1190311,8.770301,-0.31935537,0.24141853,3
65.07058,0.9100871,35.3547787396482,-80.68399690384142,0,1,6405.9087,0.15132596,5,1,false,false,12.278478,1.0979842,10.136943,-0.31509888,0.26002035,3
65.089966,0.9103913,35.35477062745365,-80.68400372493281,0,1,6395.6904,0.14433013,5,1,false,false,13.692499,1.148186,11.6170635,-0.31066933,0.2595724,3
65.10824,0.91069543,35.35476260540519,-80.68401032599441,0,1,6391.6675,0.13748,5,1,false,false,14.421115,0.8171699,11.745369,-0.30632004,0.24838318,3
65.123,0.9109997,35.354754403081735,-80.68401703706566,0,1,6396.842,0.12931722,5,1,false,false,14.830277,0.8576159,12.658992,-0.3023121,0.2254279,3
65.13824,0.91130394,35.35474629088718,-80.68402363812724,0,1,6396.469,0.121592045,5,1,false,false,13.574298,0.8792065,13.248104,-0.29868835,0.20307808,3
65.15395,0.91160816,35.35473808856372,-80.68403023918884,0,1,6391.4385,0.11415783,5,1,false,false,13.510296,0.91460955,11.635799,-0.29544717,0.18656944,3
65.1698,0.91191244,35.35472997636917,-80.6840367302303,0,1,6396.6543,0.10861866,5,1,false,false,12.933366,0.86594176,11.974549,-0.29247305,0.17242342,3
65.18548,0.91221666,35.35472168390821,-80.68404322127176,0,1,6398.735,0.10395397,5,1,false,false,10.631133,0.87227833,10.545099,-0.28962776,0.16454756,3
65.20199,0.91252095,35.35471348158475,-80.68404971229224,0,1,6400.0205,0.102496475,5,1,false,false,10.93001,0.9307977,10.6200905,-0.28697732,0.15602994,3
65.21852,0.9128252,35.354705279261296,-80.6840562033337,0,1,6403.287,0.105120555,5,1,false,false,9.720836,0.9052559,8.985766,-0.28443632,0.14856516,3
65.236664,0.91312945,35.354696986800334,-80.68406258435502,0,1,6406.0205,0.1105137,5,1,false,false,10.684193,1.0103102,10.07983,-0.28193018,0.15603124,3
65.256096,0.9134338,35.35468869433938,-80.68406896537633,0,1,6411.3574,0.11926004,5,1,false,false,10.640368,1.0301758,10.602798,-0.27932486,0.15859999,3
65.27612,0.9137382,35.35468040187842,-80.68407534639765,0,1,6410.682,0.13048328,5,1,false,false,9.989682,1.1893009,12.28158,-0.27651882,0.17138518,3
65.29658,0.9140425,35.35467210943465,-80.68408172743995,0,1,6406.7393,0.14374681,5,1,false,false,11.753805,0.94797456,13.310171,-0.27337515,0.19578274,3
65.31636,0.91434693,35.35466372683619,-80.68408799844111,0,1,6407.2305,0.15307498,5,1,false,false,12.877591,0.88603085,14.408191,-0.2698741,0.2107006,3
65.32778,0.91465133,35.354655344237734,-80.6840942694423,0,1,6401.9033,0.15992536,5,1,false,false,10.964662,0.47134364,12.06454,-0.26625618,0.20049998,3
65.3392,0.9149558,35.354646961639276,-80.68410054044347,0,1,6400.46,0.15890506,5,1,false,false,11.864303,0.7127993,12.340671,-0.26301572,0.18671949,3
65.34987,0.91526026,35.35463857904082,-80.68410681144464,0,1,6402.4956,0.15205474,5,1,false,false,11.259692,0.6188076,10.086567,-0.2600719,0.17368507,3
65.36379,0.91556466,35.35463019644236,-80.68411297242568,0,1,6416.49,0.14083199,5,1,false,false,10.112785,0.9080205,9.368956,-0.257252,0.17549798,3
65.38031,0.9158692,35.354621813861094,-80.6841191334277,0,1,6425.7656,0.12756796,5,1,false,false,11.111969,1.0329624,9.742953,-0.25434452,0.18384583,3
65.39986,0.91617364,35.35461334112513,-80.68412529440873,0,1,6420.1357,0.11678194,5,1,false,false,9.25354,1.0832613,8.156419,-0.2511593,0.1974494,3
65.41837,0.91647816,35.354604868389174,-80.68413134536962,0,1,6427.843,0.10978522,5,1,false,false,10.595038,0.9908783,8.613855,-0.24783312,0.19966102,3
65.43791,0.91678274,35.35459639565321,-80.68413739635149,0,1,6426.4277,0.108910434,5,1,false,false,9.71731,1.0252789,9.795055,-0.2445766,0.18245116,3
65.45697,0.9170874,35.354587922917254,-80.68414344731238,0,1,6413.387,0.11342906,5,1,false,false,13.378434,1.2022189,12.002576,-0.24158527,0.18084648,3
65.474724,0.917392,35.354579360078176,-80.68414949829426,0,1,6433.4473,0.12450712,5,1,false,false,11.730281,0.8085877,12.204177,-0.23848936,0.18332233,3
65.48613,0.9176968,35.354570887325025,-80.68415543923501,0,1,6431.217,0.13573065,5,1,false,false,10.599816,0.7285297,9.824719,-0.2354039,0.17645065,3
65.50234,0.9180015,35.354562324451564,-80.68416138019674,0,1,6421.0376,0.14855719,5,1,false,false,13.510843,0.79258263,12.7478695,-0.23252845,0.17325094,3
65.51147,0.91830623,35.354553761612486,-80.6841673211375,0,1,6420.8394,0.15613607,5,1,false,false,10.995397,0.44898665,7.408376,-0.22966793,0.17181262,3
65.524666,0.918611,35.354545198739025,-80.68417326209924,0,1,6445.9785,0.1589051,5,1,false,false,12.483666,0.89403373,11.362463,-0.22677891,0.18966672,3
65.53978,0.91891587,35.354536545745255,-80.68417909301984,0,1,6443.272,0.15817635,5,1,false,false,12.070624,0.9910541,9.224278,-0.22346549,0.21452606,3
65.561455,0.91922075,35.354527982871794,-80.68418492396144,0,1,6446.029,0.15482403,5,1,false,false,13.87713,1.1476874,10.383034,-0.21950464,0.26150164,3
65.578766,0.91952574,35.35451932987802,-80.68419064488289,0,1,6461.577,0.15118015,5,1,false,false,14.236629,0.7065942,10.662223,-0.214902,0.27597556,3
65.59737,0.9198308,35.35451067684987,-80.68419647580349,0,1,6443.039,0.1465161,5,1,false,false,14.023839,1.0765419,11.268201,-0.21028437,0.2630718,3
65.61289,0.92013586,35.3545020238561,-80.68420219672494,0,1,6436.082,0.14068624,5,1,false,false,15.558418,0.7060352,12.173709,-0.20612949,0.23060648,3
65.62401,0.9204411,35.35449328070764,-80.68420780762625,0,1,6443.9834,0.13077506,5,1,false,false,13.002633,0.6431261,9.598002,-0.20261696,0.18847615,3
65.63653,0.9207463,35.35448462771387,-80.68421341850657,0,1,6442.463,0.11984274,5,1,false,false,11.185296,0.7768044,8.274098,-0.19988684,0.14723758,3
65.65113,0.92105156,35.35447588459979,-80.68421902942887,0,1,6437.9985,0.1083274,5,1,false,false,12.229056,0.8919059,9.1159115,-0.19770968,0.13623491,3
65.670166,0.921357,35.35446714145133,-80.6842246403092,0,1,6451.4385,0.09899781,5,1,false,false,10.8551655,1.417766,9.945757,-0.19541827,0.15427437,3
65.694145,0.92166245,35.35445839830287,-80.68423014119037,0,1,6471.055,0.09637372,5,1,false,false,9.383957,1.2856989,9.65049,-0.19262111,0.1744236,3
65.717636,0.92196804,35.354449565034095,-80.68423564207154,0,1,6461.506,0.09958114,5,1,false,false,9.693815,1.2420737,8.29752,-0.1896313,0.17265993,3
65.739204,0.92227376,35.35444082188563,-80.6842411429527,0,1,6436.183,0.10424575,5,1,false,false,9.105335,0.71838844,9.219062,-0.18689358,0.14249414,3
65.75124,0.9225795,35.35443198861687,-80.68424664383387,0,1,6425.622,0.10934769,5,1,false,false,7.0811896,0.83002174,4.258024,-0.18493445,0.09896952,3
65.76171,0.9228856,35.354423155348094,-80.68425203471588,0,1,6446.2075,0.11284632,5,1,false,false,8.079567,0.479196,5.4191666,-0.18366179,0.07717549,3
65.7762,0.9231917,35.35441432207932,-80.68425753559706,0,1,6446.7017,0.116198644,5,1,false,false,6.66455,0.9022938,9.131674,-0.18237811,0.10120275,3
65.79197,0.92349786,35.35440548881055,-80.6842629264371,0,1,6490.5386,0.120280296,5,1,false,false,6.879371,0.87939566,9.496867,-0.18028943,0.15296969,3
65.8239,0.9238039,35.354396655541784,-80.68426831731911,0,1,6524.527,0.124361634,5,1,false,false,9.75026,2.0668464,15.410831,-0.1772262,0.20198047,3
65.85814,0.9241101,35.35438782227301,-80.68427370815915,0,1,6425.1934,0.12567316,5,1,false,false,10.833607,1.5948168,19.537153,-0.1735948,0.21389613,3
65.875565,0.9244162,35.354378898849546,-80.684278989042,0,1,6421.05,0.12173781,5,1,false,false,12.343861,0.32948542,21.842224,-0.16998835,0.20274039,3
65.87192,0.924722,35.354370065580774,-80.6842842698829,0,1,6478.1543,0.1116803,5,1,false,false,13.059677,-0.5409113,24.414177,-0.1667929,0.17315133,3
65.874176,0.9250279,35.35436114215731,-80.68428955072378,0,1,6449.9717,0.092437826,5,1,false,false,13.659118,0.56631243,20.696627,-0.16421935,0.13262048,3
65.87815,0.9253335,35.354352218768234,-80.68429472152354,0,1,6429.191,0.069841325,5,1,false,false,10.826508,0.10509087,15.864952,-0.16240884,0.080819786,3
65.879654,0.925639,35.35434329534477,-80.68430000240639,0,1,6444.3657,0.043452423,5,1,false,false,8.459635,0.042740196,12.390371,-0.16155936,0.025820578,3
65.881454,0.9259444,35.354334281800995,-80.68430517320616,0,1,6454.6685,0.020122923,5,1,false,false,5.2324004,0.34671068,6.4166555,-0.16135165,0.0110735055,3
65.88542,0.9262495,35.35432535841191,-80.68431034404787,0,1,6496.753,0.011374367,5,1,false,false,2.7225697,0.4356887,-1.5910078,-0.16120261,0.013701676,3
65.89638,0.92655456,35.354316434988455,-80.68431540484848,0,1,6543.459,0.0242057,5,1,false,false,1.516592,0.8049638,-3.036961,-0.16104017,0.013154079,3
65.91327,0.92685956,35.35430742144468,-80.68432057569021,0,0.98393893,6529.264,0.05846949,5,1,false,false,1.9049518,0.9233022,0.8165049,-0.16086651,0.019289643,3
65.93016,0.9271644,35.354298498021215,-80.68432574653194,0.016437072,0.9082278,6568.638,0.10220523,5,1,false,false,3.4682076,1.0521327,3.6333294,-0.16033916,0.050097845,3
65.96848,0.92746913,35.35428948447744,-80.68433091733169,0.07143841,0.76047343,6573.2905,0.15249227,5,1,false,false,4.522955,2.8010957,6.9791903,-0.15903504,0.103094555,3
65.98319,0.92777395,35.354280561088366,-80.6843359781323,0.13461153,0.6089276,6345.428,0.18819782,5,1,false,false,6.4857993,-0.751667,10.432513,-0.1567984,0.15550567,3
65.934,0.92807853,35.35427154754459,-80.68434114897403,0.21739613,0.44392556,6299.3975,0.20947377,5,1,false,false,10.085602,-5.8196206,15.211448,-0.1537965,0.20341031,3
65.79334,0.92838264,35.35426253400082,-80.68434620977463,0.28636166,0.3275225,6442.365,0.21063927,5,1,false,false,12.7200985,-8.947459,14.8095875,-0.15000112,0.25171164,3
65.64526,0.9286859,35.354253610611735,-80.68435116057607,0.37364239,0.20350502,6417.96,0.19723302,5,1,false,false,13.9612465,-8.974043,14.418852,-0.1455288,0.28568715,3
65.480896,0.9289884,35.35424459706797,-80.68435611137753,0.4542807,0.11342832,6286.0107,0.17114696,5,1,false,false,12.961179,-10.8393135,12.489458,-0.14076796,0.28111702,3
65.27081,0.92929006,35.354235673678886,-80.68436106217897,0.5199412,0.06310308,6224.3857,0.14141501,5,1,false,false,13.427004,-13.572989,12.15928,-0.1361226,0.2838667,3
65.03785,0.92959064,35.35422675022104,-80.68436590293929,0.57435256,0.024307162,6130.3423,0.10891041,5,1,false,false,11.701122,-14.087241,8.476596,-0.13133495,0.2907556,3
64.79789,0.92989004,35.354217826831956,-80.6843707436996,0.6188089,0,6022.567,0.07596464,5,1,false,false,9.770896,-15.209959,6.452523,-0.12655252,0.27941772,3
64.50112,0.9301882,35.35420890344288,-80.68437547446077,0.6517318,0,6199.291,0.046805575,5,1,false,false,10.018757,-20.113379,7.65616,-0.122124076,0.24568036,3
64.17262,0.93048483,35.354200070139726,-80.68438020522193,0.680541,0,6243.291,0.022893645,5,1,false,false,8.505274,-18.192474,7.3307204,-0.118469626,0.19872734,3
63.8759,0.93078,35.354191236905336,-80.68438493598309,0.70297307,0,6127.928,0.014144523,5,1,false,false,10.532065,-18.287458,10.29008,-0.11533353,0.1799611,3
63.570194,0.93107414,35.35418240360218,-80.6843895567451,0.72182107,0,6018.796,0.01764428,5,1,false,false,10.002563,-18.633198,10.105663,-0.11246432,0.16839816,3
63.249256,0.93136704,35.35417366045372,-80.68439406746597,0.732636,0,5920.8867,0.027559426,5,1,false,false,11.696582,-19.623058,11.514395,-0.10969847,0.15713261,3
62.902607,0.9316584,35.35416491730526,-80.68439857818686,0.7387481,0,6042.2524,0.039224178,5,1,false,false,11.554038,-21.815166,11.350184,-0.10728492,0.13093615,3
62.535843,0.93194807,35.35415626431149,-80.68440308890774,0.74003625,0,6068.222,0.048701227,5,1,false,false,12.6546755,-21.344542,13.227225,-0.10523904,0.115766235,3
62.208714,0.9322362,35.35414761131772,-80.68440748958749,0.7381678,0,5961.7812,0.053512476,5,1,false,false,11.415392,-18.918095,10.620785,-0.10338494,0.10737862,3
61.89382,0.9325227,35.35413895832395,-80.68441178031006,0.73620266,0,5881.7417,0.053803988,5,1,false,false,9.734524,-19.626162,8.854184,-0.10171498,0.0925956,3
61.54839,0.93280774,35.35413039548487,-80.68441607099065,0.73436743,0,5897.1797,0.050888084,5,1,false,false,8.442472,-20.83267,9.606308,-0.10022247,0.089490525,3
61.214928,0.9330912,35.35412183257703,-80.68442036167124,0.73441744,0,5886.008,0.046805575,5,1,false,false,7.547059,-19.138887,8.297425,-0.09872909,0.094174,3
60.90976,0.9333731,35.354113359892644,-80.68442454235269,0.731083,0,5790.9253,0.044473536,5,1,false,false,5.76224,-18.570215,6.1866918,-0.097056955,0.10771717,3
60.59016,0.93365353,35.35410488713949,-80.68442872299215,0.72497225,0,5706.499,0.04593107,5,1,false,false,6.3753858,-19.59559,7.731362,-0.09511398,0.123345636,3
60.251625,0.93393236,35.35409650454103,-80.68443279367445,0.71725005,0,5738.472,0.049430273,5,1,false,false,6.514248,-20.751328,8.926531,-0.09307808,0.12201177,3
59.915733,0.9342097,35.354088121942574,-80.68443686431475,0.7069347,0,5730.1807,0.05497086,5,1,false,false,7.6801987,-19.836876,11.574256,-0.0909413,0.13679226,3
59.59531,0.9344854,35.354079739344115,-80.68444093495506,0.6949345,0,5654.7544,0.059198525,5,1,false,false,8.71212,-19.289438,12.528997,-0.088475674,0.1580683,3
59.26818,0.9347596,35.35407144690035,-80.68444489559623,0.6800921,0,5667.1016,0.061968677,5,1,false,false,9.387678,-20.244251,14.024931,-0.08565988,0.17374532,3
58.93707,0.93503225,35.35406315445658,-80.68444885623738,0.6650844,0,5692.395,0.06051059,5,1,false,false,10.460083,-19.507153,16.592335,-0.082761295,0.16860227,3
58.625195,0.9353034,35.35405495209874,-80.6844527068374,0.65445423,0,5668.401,0.05671989,5,1,false,false,10.867219,-18.614841,14.803208,-0.08004743,0.15197626,3
58.320015,0.9355731,35.3540467497409,-80.68445655747941,0.6508188,0,5637.2354,0.05278343,5,1,false,false,10.875294,-18.46913,15.303418,-0.07773045,0.12280862,3
58.01502,0.93584144,35.35403854745183,-80.68446029808028,0.65507317,0,5624.239,0.051617116,5,1,false,false,10.167478,-18.141594,13.673568,-0.0759792,0.08723899,3
57.717236,0.9361083,35.354030435248674,-80.68446403868116,0.65796727,0,5587.8286,0.056282625,5,1,false,false,8.389558,-17.761164,10.030087,-0.07471992,0.068686955,3
57.42222,0.9363738,35.35402232304553,-80.68446777928203,0.66029465,0,5531.926,0.07129942,5,1,false,false,6.146243,-17.680109,8.264081,-0.07361164,0.068660505,3
57.134563,0.93663794,35.354014210911146,-80.68447140984178,0.66022515,0,5485.739,0.09462497,5,1,false,false,5.890527,-17.066776,7.867272,-0.07240422,0.0829536,3
56.859097,0.9369007,35.354006188793925,-80.68447504044349,0.6637629,0,5419.394,0.12494469,5,1,false,false,6.190715,-16.252728,6.8061347,-0.07069031,0.13254662,3
56.58055,0.9371622,35.35399816674547,-80.68447856100408,0.66441184,0,5340.3623,0.15905084,5,1,false,false,6.627,-16.983599,6.695389,-0.067942195,0.19447167,3
56.285873,0.93742245,35.35399023485171,-80.68448219156383,0.6646668,0,5271.6777,0.19679606,5,1,false,false,7.9843097,-18.188974,8.564182,-0.06429742,0.23739076,3
55.977398,0.9376812,35.35398230295794,-80.68448571212443,0.66302174,0,5334.322,0.22550233,5,1,false,false,11.057641,-19.142733,11.28278,-0.059978623,0.2815982,3
55.663162,0.9379385,35.3539744611501,-80.68448912268586,0.6627438,0,5335.034,0.24123861,5,1,false,false,13.557454,-18.31291,11.158093,-0.054815106,0.33354434,3
55.365116,0.9381944,35.35396652925634,-80.68449253320532,0.66209626,0,5282.0107,0.2445895,5,1,false,false,14.0709095,-17.720703,10.433352,-0.048992276,0.3595559,3
55.066277,0.9384489,35.353958687448504,-80.6844958337676,0.66082525,0,5255.1006,0.23511899,5,1,false,false,15.378451,-17.81773,11.622449,-0.04293996,0.36086157,3
54.775166,0.9387021,35.35395093579535,-80.6844991342879,0.65564656,0,5200.711,0.21034804,5,1,false,false,16.482447,-16.699434,12.346843,-0.03704628,0.35446528,3
54.500195,0.938954,35.35394318414221,-80.68450232480906,0.64729047,0,5128.0806,0.17989153,5,1,false,false,16.114096,-16.289883,11.829429,-0.030834746,0.39326483,3
54.227295,0.93920463,35.35393543248907,-80.68450551528824,0.6396707,0,5057.747,0.13573068,5,1,false,false,14.877553,-16.222237,10.337844,-0.023986733,0.42562586,3
53.954063,0.93945396,35.353927680835916,-80.68450859581023,0.6337955,0,4989.1904,0.093750164,5,1,false,false,14.079044,-16.291828,9.823001,-0.016813427,0.4235443,3
53.679424,0.9397021,35.353920019337465,-80.68451167629026,0.62632275,0,4923.678,0.05045081,5,1,false,false,14.176275,-16.311584,8.905703,-0.010126573,0.3740567,3
53.389236,0.939949,35.353912357839015,-80.68451464677112,0.61885285,0,4990.7837,0.0026246812,5,1,false,false,12.427488,-17.984863,7.4935474,-0.0044516018,0.30456096,3
53.094826,0.9401944,35.35390469634056,-80.68451750721086,0.6117133,0,5032.3896,-0.035729486,5,1,false,false,10.816862,-16.740644,7.893392,-5.5212564e-05,0.22857112,3
52.811874,0.94043857,35.35389712492803,-80.68452047769173,0.60619056,0,4965.7363,-0.06927522,5,1,false,false,10.996637,-17.217371,10.331227,0.0034993037,0.2089366,3
52.52689,0.9406814,35.35388955358427,-80.6845232281323,0.5960696,0.33333337,5270.967,-0.08590344,0,1,false,false,9.205442,-16.59268,9.170021,0.007063156,0.21931131,3
52.283234,0.940923,35.35388198217174,-80.68452608861402,0.58349735,0,5217.2246,-0.08736267,4,1,false,false,7.573022,-14.2747555,6.563156,0.010569262,0.19122168,3
51.984844,0.9411634,35.35387450098268,-80.68452883905461,0.57216084,0,5544.3726,-0.07890224,4,1,false,false,10.05894,-21.372149,10.260109,0.013406407,0.15484302,3
51.60727,0.94140226,35.35386701972484,-80.6845315894952,0.5678175,0,5846.05,-0.06664996,4,1,false,false,10.825709,-21.27824,12.257421,0.01591348,0.14579709,3
51.326725,0.9416394,35.3538596286217,-80.68453422989465,0.56687415,0,5761.273,-0.05337715,4,1,false,false,10.816934,-13.7953825,8.759964,0.018196994,0.12827583,3
51.089775,0.9418756,35.35385223751855,-80.68453687033607,0.5671612,0,5667.4194,-0.04404275,4,1,false,false,11.064824,-15.010711,8.931021,0.020213066,0.1114162,3
50.826054,0.94211054,35.35384484641541,-80.68453940073638,0.5690705,0,5577.5327,-0.039521318,4,1,false,false,11.461667,-15.721332,10.41422,0.021833584,0.0833023,3
50.565033,0.9423443,35.35383754539819,-80.68454193113668,0.56816655,0,5490.8833,-0.040396392,4,1,false,false,10.053096,-15.166515,9.435128,0.023011494,0.057695173,3
50.307045,0.9425768,35.353830244449746,-80.68454446153699,0.56695604,0,5571.8975,-0.044626333,4,1,false,false,7.4586806,-16.329048,7.1682563,0.023738768,0.03151617,3
50.039272,0.9428082,35.353823033655985,-80.68454688193812,0.5678176,0,5615.796,-0.049439292,4,1,false,false,5.319548,-15.73436,6.949103,0.024109794,0.013097421,3
49.779984,0.94303834,35.353815732638765,-80.68454930233926,0.5678383,0,5527.3994,-0.053377148,4,1,false,false,5.6400356,-15.494054,8.155787,0.02425341,0.007062642,3
49.524162,0.9432673,35.35380861193094,-80.68455172269844,0.568557,0,5443.1055,-0.0541062,4,1,false,false,4.6308413,-15.236339,9.1319275,0.02435519,0.0054517537,3
49.271667,0.94349515,35.353801401137176,-80.68455414309959,0.5677354,0,5429.614,-0.051626988,4,1,false,false,4.051176,-15.3785515,8.224206,0.024460895,0.006972615,3
49.003323,0.9437218,35.35379428042935,-80.6845564534596,0.56783813,0,5458.9854,-0.044188242,4,1,false,false,2.9928455,-16.565044,9.660368,0.024546295,0.0023098853,3
48.73262,0.9439472,35.35378715972151,-80.68455876381962,0.56894755,0,5442.2266,-0.035146467,4,1,false,false,3.3011727,-16.274376,12.091067,0.024537176,-0.0036824215,3
48.463017,0.9441713,35.35378012916837,-80.68456107417964,0.56798184,0,5449.029,-0.02610416,4,1,false,false,3.016476,-16.250444,12.930274,0.02441851,-0.011975723,3
48.19813,0.94439423,35.353773098615235,-80.68456338453966,0.5702228,0,5463.2104,-0.017936919,4,1,false,false,2.8873477,-15.964683,11.81145,0.024175236,-0.01569816,3
47.937206,0.9446161,35.35376615814802,-80.68456558494249,0.56942034,0,5428.932,-0.013562073,4,1,false,false,2.250537,-15.612298,11.894465,0.023926504,-0.016619971,3
47.678856,0.94483656,35.35375921774957,-80.68456789530251,0.56841314,0,5392.8276,-0.012395484,4,1,false,false,1.6796302,-15.423871,11.533785,0.023575509,-0.024365226,3
47.425964,0.94505596,35.35375227728236,-80.6845700956214,0.569009,0,5374.5327,-0.013853578,4,1,false,false,0.70290136,-15.154326,9.448803,0.02320303,-0.020394992,3
47.167824,0.9452743,35.353745427038604,-80.68457229602423,0.569441,0,5336.968,-0.016770327,4,1,false,false,-0.530132,-15.773319,11.17078,0.022840798,-0.02533483,3
46.916035,0.94549155,35.35373857672608,-80.68457449634312,0.56974924,0,5280.4175,-0.019979145,4,1,false,false,-0.09270264,-14.694341,13.397865,0.022363747,-0.02875699,3
46.682537,0.9457076,35.35373181656825,-80.68457669674595,0.5693381,0,5235.2163,-0.023187406,4,1,false,false,-0.008566305,-13.728574,8.464475,0.021950752,-0.019084508,3
46.454983,0.94592255,35.353725056410426,-80.68457889706485,0.57094413,0,5171.177,-0.02581265,4,1,false,false,-1.0122547,-14.224699,6.1002846,0.02172605,-0.012505792,3
46.198654,0.9461362,35.353718296252595,-80.68458098742656,0.56952316,0,5122.0547,-0.025958117,4,1,false,false,-1.3767551,-16.010227,7.6062007,0.021377573,-0.032369856,3
45.92852,0.94634867,35.35371162618069,-80.68458318774545,0.5680845,0,5209.2964,-0.026541702,4,1,false,false,-0.39042655,-16.398485,9.399294,0.02071133,-0.042423245,3
45.67223,0.9465598,35.35370495624632,-80.68458538806433,0.569873,0.75,5534.505,-0.028729396,0,1,false,false,0.14875236,-14.792095,9.12953,0.020150702,-0.020312099,3
45.434387,0.9467698,35.35369837626034,-80.68458747842604,0.57265663,0,5636.06,-0.031354643,0,1,false,false,-1.3466679,-14.080183,8.570923,0.01988556,-0.015066371,3
45.19891,0.94697857,35.353691796411894,-80.68458956878774,0.57145935,0,5638.6787,-0.032812737,3,1,false,false,-0.7476888,-14.716892,7.088455,0.01960224,-0.017326094,3
44.927807,0.9471862,35.353685216563456,-80.68459176910663,0.5741041,0,5995.243,-0.03397932,3,1,false,false,-0.27062094,-16.94563,6.538753,0.019350247,-0.012018776,3
44.641914,0.9473925,35.353678726800936,-80.68459385946834,0.5745389,0,5963.9893,-0.034271397,3,1,false,false,-0.68489414,-17.250612,7.8668513,0.01916666,-0.009770985,3
44.367397,0.94759744,35.35367223703842,-80.68459594983004,0.5744767,0,5861.6304,-0.03470837,3,1,false,false,-0.8700952,-15.960389,7.60441,0.018955883,-0.01504673,3
44.113255,0.9478012,35.35366583736182,-80.68459804010782,0.5745802,0,5763.633,-0.036458537,3,1,false,false,-1.0967482,-14.897267,7.6532145,0.018631564,-0.022281101,3
43.869843,0.94800365,35.35365943782276,-80.68460013046952,0.5747047,0,5700.0015,-0.04127149,3,1,false,false,-1.2264313,-15.033235,8.886141,0.018169485,-0.031896673,3
43.605534,0.94820505,35.35365312836963,-80.68460222083122,0.5746216,0,5792.8926,-0.048272695,3,1,false,false,-1.969913,-16.31158,10.874659,0.017551748,-0.04282759,3
43.34409,0.94840515,35.35364681877896,-80.6846042011518,0.57435244,0,5771.813,-0.05687747,3,1,false,false,-2.935079,-15.766655,10.701955,0.016652364,-0.069283135,3
43.08277,0.9486041,35.35364050932583,-80.68460629142956,0.57424885,0,5676.6616,-0.06985879,3,1,false,false,-3.1178021,-15.800695,10.779558,0.015277782,-0.096727036,3
42.814068,0.94880176,35.35363428995861,-80.68460838179126,0.5745801,0,5693.596,-0.082111046,3,1,false,false,-3.084106,-16.966793,11.138385,0.013564277,-0.10716051,3
42.51862,0.94899815,35.353628070728945,-80.68461036211184,0.5759278,0,5807.837,-0.095385,3,1,false,false,-4.077632,-17.897982,11.438033,0.0118940715,-0.0940115,3
42.23385,0.9491932,35.353621941447656,-80.68461245247354,0.575741,0,5845.236,-0.10632637,3,1,false,false,-5.525199,-16.616024,12.792864,0.010391367,-0.090614125,3
41.97884,0.949387,35.353615812303914,-80.68461454275132,0.57509834,0,5769.6284,-0.115078844,3,1,false,false,-5.2165785,-14.467604,11.322201,0.008771335,-0.10475521,3
41.741806,0.9495797,35.35360977324609,-80.6846165230719,0.5764672,0,5675.796,-0.12237326,3,1,false,false,-4.5903606,-14.254443,11.026594,0.006915828,-0.115532964,3
41.506214,0.94977134,35.35360373405073,-80.6846186134336,0.5751605,0,5595.604,-0.1264583,3,1,false,false,-4.7279305,-14.331301,10.409994,0.004905183,-0.12662913,3
41.262516,0.94996184,35.353597785216365,-80.68462059375418,0.57582414,0,5554.6777,-0.128646,3,1,false,false,-4.590932,-15.131974,10.183479,0.0026519033,-0.14360347,3
41.016075,0.9501514,35.35359183624447,-80.68462268403194,0.5760522,0,5527.6436,-0.13171051,3,1,false,false,-5.4131255,-14.868744,9.513037,0.0001630538,-0.15739785,3
40.76908,0.9503398,35.35358588727257,-80.68462477439364,0.57528466,0,5483.488,-0.13798319,3,1,false,false,-5.43417,-14.875437,9.595677,-0.002650434,-0.1818782,3
40.523296,0.9505271,35.353580028524135,-80.68462675471423,0.57538843,0,5422.5195,-0.14892627,3,1,false,false,-6.027997,-14.900224,10.154839,-0.0058350377,-0.20204638,3
40.270782,0.95071316,35.35357425986162,-80.68462884507593,0.57590705,0,5403.7793,-0.16030623,3,1,false,false,-6.897898,-15.344314,10.941411,-0.009326689,-0.21883461,3
40.016193,0.95089823,35.35356840097565,-80.6846309353537,0.5747668,0,5408.318,-0.17825335,3,1,false,false,-7.7178197,-15.522145,10.506726,-0.013041491,-0.22768022,3
39.756207,0.95108217,35.353562722536594,-80.6846330257154,0.57516044,0,5389.7383,-0.19503438,3,1,false,false,-9.041415,-15.180909,9.891709,-0.016872229,-0.23135288,3
39.505424,0.951265,35.35355695387408,-80.6846351160771,0.5753678,0,5370.7275,-0.2109403,3,1,false,false,-8.650766,-15.0689,10.155661,-0.020710569,-0.2297583,3
39.253033,0.9514466,35.35355136538342,-80.68463720643881,0.5735867,0,5321.3735,-0.22334482,3,1,false,false,-9.32729,-15.007833,10.646602,-0.024609063,-0.23876072,3
39.011803,0.95162714,35.353545686944365,-80.68463929671657,0.57238805,0,5252.877,-0.23662551,3,1,false,false,-9.689125,-14.062812,9.985157,-0.02869909,-0.2520584,3
38.78142,0.9518067,35.3535400984537,-80.6846414971194,0.5719339,0,5179.891,-0.24669571,3,1,false,false,-9.676835,-13.713315,9.123056,-0.033097465,-0.27752742,3
38.550465,0.9519853,35.3535346001865,-80.68464358739718,0.57152116,0,5108.2227,-0.25983158,3,1,false,false,-9.694759,-14.07041,9.651593,-0.03804257,-0.31814972,3
38.312885,0.9521628,35.35352910191929,-80.6846457878,0.56828976,0.75,5435.7114,-0.27384412,0,1,false,false,-9.61825,-14.141825,8.908716,-0.043712437,-0.36080164,3
38.08178,0.95233923,35.35352360365209,-80.68464787807777,0.5674894,0,5637.5684,-0.28741914,0,1,false,false,-9.625979,-13.450963,8.229841,-0.04996378,-0.3863506,3
37.858467,0.95251465,35.35351819560835,-80.6846500784806,0.5645002,0,5585.0947,-0.3056657,2,1,false,false,-9.983731,-13.494878,8.382024,-0.056469724,-0.39368686,3
37.590733,0.9526891,35.35351287765054,-80.68465227879949,0.5621744,0,5799.744,-0.32260004,2,1,false,false,-9.471244,-17.357227,9.617058,-0.06310761,-0.4063798,3
37.29046,0.95286226,35.35350755955518,-80.68465447920232,0.5594499,0,5903.3467,-0.33953497,2,1,false,false,-11.39183,-17.546295,10.793982,-0.07020318,-0.4491162,3
37.014492,0.9530341,35.35350224159736,-80.68465667952121,0.5524211,0,5811.4707,-0.35398906,2,1,false,false,-14.230176,-15.036783,10.58833,-0.078183785,-0.50900596,3
36.783,0.9532048,35.35349701372547,-80.68465898988123,0.54799277,0,5714.8184,-0.36800614,2,1,false,false,-14.141709,-12.674935,10.339451,-0.08712536,-0.5599187,3
36.584846,0.95337456,35.35349187607704,-80.68466119020012,0.5442465,0,5623.1157,-0.37808144,2,1,false,false,-13.796017,-10.886937,8.971654,-0.096589155,-0.56932217,3
36.404976,0.9535435,35.35348664820515,-80.68466350064408,0.5400057,0,5535.6987,-0.3853826,2,1,false,false,-14.173247,-10.15648,8.555847,-0.10589498,-0.54483324,3
36.229973,0.9537117,35.35348160064264,-80.6846658110041,0.5313648,0,5451.6436,-0.38917902,2,1,false,false,-14.722054,-10.4005165,8.412033,-0.114691,-0.51184493,3
36.050537,0.953879,35.353476462856676,-80.68466823140524,0.52386993,0,5196.7847,-0.38961652,2,1,false,false,-14.988888,-10.096837,9.348027,-0.12306507,-0.4970816,3
35.877,0.9540456,35.35347150538009,-80.68467054176526,0.5163402,0,4884.9004,-0.38801008,2,1,false,false,-14.771777,-10.008236,9.310757,-0.13140401,-0.5021267,3
35.69713,0.95421165,35.35346645781758,-80.6846729621664,0.5079466,0,4808.2046,-0.3837762,2,1,false,false,-14.295181,-10.365296,9.03927,-0.13982016,-0.5077697,3
35.52702,0.9543776,35.353461500341005,-80.68467549252473,0.5002334,0,4748.7993,-0.37866503,2,1,false,false,-14.028549,-9.199118,8.321687,-0.14832108,-0.5106486,3
35.361954,0.9545428,35.353456543001954,-80.68467791292588,0.49067205,0,4691.106,-0.37340897,2,1,false,false,-13.992725,-9.483393,8.252219,-0.15681829,-0.5097812,3
35.19164,0.95470726,35.353451675611296,-80.68468044328421,0.4847013,0,4635.1123,-0.36917385,2,1,false,false,-14.106259,-9.755171,8.463925,-0.16528372,-0.50512594,3
35.018803,0.9548711,35.35344680835818,-80.68468286368535,0.4761509,0,4580.535,-0.36464792,2,1,false,false,-14.145054,-9.961441,8.940231,-0.1736628,-0.50100684,3
34.84,0.9550344,35.35344203119098,-80.68468550416875,0.46726704,0,4451.5005,-0.35982996,2,1,false,false,-14.388632,-9.978824,9.828045,-0.18205498,-0.50627637,3
34.670105,0.9551973,35.35343725402378,-80.68468803452708,0.45046538,0,4221.0146,-0.3555954,2,1,false,false,-15.128457,-9.24474,9.898477,-0.19056948,-0.514353,3
34.50271,0.9553595,35.35343247671905,-80.68469056496936,0.42348635,0,4146.215,-0.3522377,2,1,false,false,-15.599779,-9.348172,9.750058,-0.19919612,-0.52043617,3
34.34213,0.955521,35.35342778977532,-80.68469320536882,0.39976165,0,4103.4795,-0.35209116,2,1,false,false,-15.600398,-8.47333,8.923376,-0.20790723,-0.52510226,3
34.189514,0.9556818,35.353423102694045,-80.68469584576827,0.35789654,0,4061.8396,-0.35442775,2,1,false,false,-15.697279,-8.497592,9.634542,-0.216688,-0.530085,3
34.03701,0.9558419,35.35341850583623,-80.68469859620886,0.3082448,0,4020.9316,-0.35749334,2,1,false,false,-15.987835,-8.152187,9.536647,-0.22562544,-0.54378766,3
33.9013,0.9560007,35.353413908840885,-80.68470123669225,0.2576497,0,3980.9514,-0.36114365,2,1,false,false,-15.935977,-6.7907104,9.252639,-0.23475152,-0.5513015,3
33.780727,0.9561588,35.35340931198308,-80.68470398713283,0.21860394,0,3942.3486,-0.36494005,2,1,false,false,-16.822474,-6.120077,9.833337,-0.2439665,-0.5567021,3
33.6674,0.9563164,35.35340480521119,-80.68470673757342,0.18344551,0,3904.4536,-0.3696126,2,1,false,false,-16.750696,-5.7573686,8.853913,-0.25328708,-0.562456,3
33.55333,0.95647347,35.353400298439304,-80.68470959797119,0.14970034,0,3867.1672,-0.3754528,2,1,false,false,-16.957247,-5.8931017,9.840801,-0.26272407,-0.5710485,3
33.43365,0.9566301,35.35339588175334,-80.6847124584529,0.12062983,0,3830.4128,-0.38304543,2,1,false,false,-18.011604,-6.166659,11.111673,-0.2723855,-0.5930198,3
33.309628,0.9567857,35.353391465204915,-80.68471531893461,0.09061083,0,3931.0732,-0.39560342,2,1,false,false,-17.293873,-6.8417478,10.261584,-0.28250816,-0.6188674,3
33.164856,0.9569404,35.353387048518954,-80.6847182893735,0.0690153,0,4163.666,-0.4107904,2,1,false,false,-16.12101,-7.5646496,9.261572,-0.29277897,-0.6098418,3
33.03802,0.95709455,35.35338272205645,-80.68472114985522,0.051360577,0,4288.153,-0.42948347,2,1,false,false,-16.583166,-5.808071,8.140917,-0.3027839,-0.5931293,3
32.939083,0.9572482,35.35337839545642,-80.68472412029412,0.038142897,0,4291.645,-0.45343542,2,1,false,false,-16.396564,-4.2330856,8.30172,-0.31264323,-0.5918762,3
32.841595,0.9574014,35.353374068993915,-80.68472720077415,0.029276378,0,4294.56,-0.47680554,2,1,false,false,-16.537659,-5.1171947,9.319212,-0.32254207,-0.5948119,3
32.719482,0.957554,35.35336983261734,-80.68473017129698,0.022640755,0,4401.624,-0.5019303,2,1,false,false,-16.822372,-6.7670927,10.053336,-0.33246166,-0.594342,3
32.583447,0.95770574,35.353365596240764,-80.684733251777,0.016682114,0,4585.1636,-0.5310015,2,1,false,false,-15.892747,-6.5254974,9.2203,-0.34242013,-0.59752065,3
32.469646,0.9578568,35.35336145008765,-80.68473633225703,0.011907475,0,4713.905,-0.56533545,2,1,false,false,-15.873212,-5.1532607,8.7627735,-0.3524098,-0.60126257,3
32.378952,0.9580074,35.353357303797,-80.68473952277817,0.008288,0,4718.952,-0.5987975,2,1,false,false,-16.928108,-3.4296002,9.065775,-0.36251512,-0.6137072,3
32.29857,0.95815754,35.35335324772981,-80.68474271329933,0.0068708668,0,4694.314,-0.6278784,2,1,false,false,-17.041126,-3.5821981,8.880004,-0.37294218,-0.6377774,3
32.20377,0.9583074,35.35334910143916,-80.68474590382048,0.0044981167,0,4735.5293,-0.67230964,2,1,false,false,-16.69919,-4.8707485,9.024144,-0.38369244,-0.65134805,3
32.089348,0.95845664,35.35334504537197,-80.68474909434163,0.0034970113,0,4845.885,-0.7114852,2,1,false,false,-16.700665,-5.8995996,9.492133,-0.39458343,-0.6558072,3
31.962246,0.9586052,35.3533410793907,-80.68475239481997,0.0034920406,0,4963.137,-0.74218583,2,1,false,false,-16.795212,-6.124949,9.37517,-0.40551907,-0.65653676,3
31.840391,0.9587531,35.35333711354697,-80.68475558534112,0.00332327,0,5053.6235,-0.7737665,2,1,false,false,-16.7676,-5.3995185,9.502281,-0.41639438,-0.64511913,3
31.730387,0.9589005,35.353333147565706,-80.68475888590339,0.002545902,0,5113.312,-0.80754524,2,1,false,false,-17.288807,-4.8768773,10.116021,-0.42698687,-0.62643105,3
31.623306,0.95904744,35.35332927167036,-80.68476229642286,0.0028574348,0,5148.272,-0.8284575,2,1,false,false,-18.375725,-4.608023,10.617002,-0.43732527,-0.61574703,3
31.519936,0.9591939,35.35332539591256,-80.68476559698513,0.0031001032,0,5176.991,-0.8572694,2,1,false,false,-18.27889,-4.224215,10.17423,-0.44752192,-0.60695827,3
31.422163,0.9593399,35.35332161024068,-80.6847690075046,0.003238927,0,5205.078,-0.8799407,2,1,false,false,-18.119389,-4.0599437,9.771796,-0.4575335,-0.59414476,3
31.326279,0.9594855,35.3533178245688,-80.6847725280652,0.0035019808,0,5225.595,-0.8998341,2,1,false,false,-17.816051,-3.994292,9.433331,-0.467361,-0.58720595,3
31.233116,0.9596305,35.353314128982845,-80.68477593858465,0.0030158868,0,5234.1753,-0.9170954,2,1,false,false,-17.00057,-3.6133757,9.27635,-0.4770889,-0.57754433,3
31.147314,0.9597751,35.353310343310966,-80.68477945914525,0.0031843835,0,5235.9424,-0.9333341,2,1,false,false,-17.659584,-3.3405333,10.22694,-0.48659402,-0.5660664,3
31.06276,0.95991933,35.35330673781093,-80.68478297970583,0.002126439,0,5236.895,-0.9486965,2,1,false,false,-17.855396,-3.3458633,10.134346,-0.49596062,-0.5590145,3
30.978113,0.96006346,35.35330304222498,-80.68478650035037,0.00074674835,0,5236.1357,-0.95791376,2,1,false,false,-18.10504,-3.651609,9.07701,-0.5052085,-0.55159116,3
30.799734,0.960207,35.35329952694841,-80.68479013086814,-8.731149e-11,0,5225.9194,-0.9625958,2,1,false,false,-26.155756,-8.681579,15.988088,-0.51504946,-0.65941626,3
30.700518,0.9603498,35.35329592158591,-80.68479376146986,0,0,5210.3564,-0.9621571,2,1,false,false,-21.341845,-4.100898,12.853528,-0.5263892,-0.6924236,3
30.578484,0.96049213,35.35329249639527,-80.68479739207157,0,0,5208.1606,-0.957767,2,1,false,false,-18.458258,-3.0269911,15.215397,-0.53847325,-0.75339025,3
30.496489,0.960634,35.3532889811187,-80.68480113263048,0,0,5215.713,-0.950891,2,1,false,false,-20.03484,-3.13035,10.849514,-0.5502698,-0.674546,3
30.413227,0.96077543,35.35328564615151,-80.68480487327332,0,0,5209.394,-0.9425512,2,1,false,false,-19.115011,-2.690179,10.304276,-0.56051326,-0.5608835,3
30.34454,0.96091706,35.35328222096087,-80.68480861383223,0,0,5181.51,-0.92704386,2,1,false,false,-15.8419695,-2.0274506,6.7820463,-0.5687996,-0.42708445,3
30.288496,0.9610584,35.35327888599369,-80.68481235447507,0,0,5146.793,-0.901882,2,1,false,false,-13.379938,-1.6594338,5.316718,-0.57501054,-0.31359842,3
30.241787,0.96119946,35.353275641112425,-80.6848162050751,0,0,5117.202,-0.8811106,2,1,false,false,-10.771527,-1.4631488,3.9178278,-0.5798053,-0.2496715,3
30.200386,0.9613403,35.35327230614524,-80.68482005567513,0,0,5093.796,-0.8694091,2,1,false,false,-9.757654,-1.351414,3.554192,-0.58391213,-0.23062997,3
30.162542,0.96148103,35.35326906126398,-80.68482390627516,0,0,5071.3413,-0.8754056,2,1,false,false,-8.842138,-1.3810626,3.079998,-0.58802235,-0.24726216,3
30.123253,0.9616216,35.353265816382724,-80.68482775695912,0,0,5048.442,-0.89690846,2,1,false,false,-9.792533,-1.5635116,3.541863,-0.59245235,-0.26799154,3
30.078691,0.9617626,35.35326257150146,-80.68483160755916,0,0,5032.3354,-0.9239712,2,1,false,false,-10.051855,-1.6969881,4.6255608,-0.59705377,-0.2840753,3
30.031057,0.96190333,35.35325941670613,-80.68483545815918,0,0,5023.1343,-0.9513296,2,1,false,false,-10.952954,-1.9905301,6.0481997,-0.6021138,-0.31212485,3
29.978878,0.9620438,35.35325617182487,-80.68483941880035,0,0,5018.0522,-0.9766423,2,1,false,false,-12.343811,-2.1445181,6.6004076,-0.6076007,-0.34060478,3
29.923689,0.96218395,35.353253107252996,-80.68484326940037,0,0,5016.5576,-0.9966884,2,1,false,false,-12.825539,-2.2229407,6.9076533,-0.61356366,-0.37194327,3
29.86818,0.96232384,35.35324995245766,-80.68484723004153,0,0,5015.0347,-1.0165905,2,1,false,false,-12.489,-2.223154,6.204918,-0.6200409,-0.40372616,3
29.808943,0.9624635,35.35324688788579,-80.68485119068269,0,0,5007.251,-1.0344447,2,1,false,false,-16.197893,-2.512852,6.8948994,-0.6266267,-0.36468986,3
29.74893,0.96260357,35.35324382331391,-80.68485515132384,0,0,4999.722,-1.0502509,2,1,false,false,-13.7108345,-2.350707,7.547491,-0.6326432,-0.3627536,3
29.675219,0.96274316,35.35324075874204,-80.6848592219222,0,0,4995.003,-1.0651795,2,1,false,false,-23.611397,-2.6684186,13.027432,-0.63946015,-0.47692174,3
29.596546,0.96288216,35.35323778425609,-80.68486318256335,0,0,4999.4336,-1.0845007,2,1,false,false,-22.740145,-2.9550648,16.33728,-0.6484505,-0.59208226,3
29.50205,0.9630207,35.353234809770136,-80.68486725324563,0,0,5008.239,-1.0959182,2,1,false,false,-33.18267,-3.8405542,18.845356,-0.6582657,-0.5705363,3
29.400646,0.96315867,35.353232015593576,-80.68487143388509,0,0,5005.867,-1.1060185,2,1,false,false,-28.611742,-3.5103025,20.182384,-0.66711766,-0.48975065,3
29.314913,0.96329635,35.35322922141701,-80.6848756146085,0,0,4995.0405,-1.1030902,2,1,false,false,-28.255245,-3.1638625,18.620367,-0.67445385,-0.40112156,3
29.2378,0.96343356,35.35322642724045,-80.68487979524798,0,0,4983.925,-1.0932835,2,1,false,false,-26.260193,-2.9986868,15.046419,-0.6806758,-0.35364547,3
29.17007,0.9635703,35.353223813235736,-80.68488397588744,0,0,4981.5737,-1.0763034,2,1,false,false,-21.738125,-2.7538831,11.81549,-0.68631405,-0.32403255,3
29.114706,0.9637067,35.353221109145096,-80.68488826656804,0,0,4982.25,-1.0574222,2,1,false,false,-15.584909,-2.3232183,6.9333353,-0.69136024,-0.2828953,3
29.071884,0.9638427,35.35321858536384,-80.68489255733257,0,0.00030827522,4969.228,-1.0427873,2,1,false,false,-10.180945,-1.8619161,3.6789908,-0.6957483,-0.24394313,3
29.03901,0.96397847,35.35321597149667,-80.68489684801317,0,0,4943.9062,-1.0312243,2,1,false,false,-6.568843,-1.4796363,1.4475019,-0.6994696,-0.2016386,3
29.01171,0.964114,35.35321344771541,-80.68490124865096,0,0.00020039084,4918.577,-1.0303468,2,1,false,false,-5.003577,-1.346742,0.937508,-0.7025431,-0.16705453,3
28.98475,0.9642488,35.3532108337107,-80.6849055394155,0,-2.910383e-11,4899.5796,-1.042055,2,1,false,false,-5.0442796,-1.4297918,1.775846,-0.7051442,-0.14380464,3
28.95656,0.9643831,35.35320830992944,-80.68490983009609,0,0,4885.8276,-1.0678144,2,1,false,false,-5.9757686,-1.4981341,2.515834,-0.70750624,-0.14139014,3
28.917524,0.96451724,35.35320578614819,-80.68491412077668,0,0.00035452846,4873.6167,-1.1008955,2,1,false,false,-17.914135,-2.1543171,7.50313,-0.71021944,-0.2081293,3
28.867453,0.9646509,35.35320335245286,-80.68491852141447,0,6.1661005e-05,4869.152,-1.131783,2,1,false,false,-19.984587,-2.679999,14.869149,-0.7148486,-0.34417713,3
28.805618,0.9647843,35.35320091889507,-80.6849229221362,0,-5.456968e-12,4889.044,-1.1489128,2,1,false,false,-23.475079,-3.5741012,18.007183,-0.7214282,-0.44439745,3
28.734373,0.9649174,35.35319857528567,-80.68492732285792,0,0,4920.969,-1.1511085,2,1,false,false,-26.363619,-3.8950365,21.286646,-0.72939706,-0.50537026,3
28.667442,0.9650497,35.3531962318138,-80.68493172357964,0,0.0010327101,4928.812,-1.1352973,2,1,false,false,-25.565304,-3.5678482,18.787594,-0.7378554,-0.5105081,3
28.615198,0.9651814,35.35319397842785,-80.68493623425854,0,0.005903393,4906.6543,-1.1130455,2,1,false,false,-23.625414,-2.593216,15.29203,-0.74626136,-0.5011531,3
28.575235,0.96531296,35.35319172504191,-80.6849407450214,0,0.01653874,4872.903,-1.0827445,2,1,false,false,-18.997133,-2.2094367,11.202512,-0.754438,-0.48250958,3
28.539198,0.96544427,35.35318956174189,-80.68494525570031,0,0.036684245,4853.5317,-1.0520068,2,1,false,false,-14.468591,-2.084347,8.083358,-0.76231617,-0.46503553,3
28.502962,0.9655754,35.353187488665334,-80.68494976646315,0,0.0679121,4868.651,-1.0211272,2,1,false,false,-8.491252,-2.0931401,4.711593,-0.7699459,-0.44500962,3
28.46984,0.96570635,35.35318532536532,-80.68495427714207,0,0.10086626,4905.8438,-0.9984449,2,1,false,false,-4.8564315,-1.6761422,1.4186069,-0.7769335,-0.38866028,3
28.445591,0.9658369,35.35318325228876,-80.68495878790492,0,0.14778507,4942.8584,-0.9843973,2,1,false,false,-2.767934,-1.0445535,-0.23218718,-0.782923,-0.3272337,3
28.431246,0.9659669,35.3531811792122,-80.68496340862495,0,0.1928697,5009.957,-0.99024993,2,1,false,false,-1.9136906,-0.65548915,-0.36940464,-0.7880074,-0.2813849,3
28.41911,0.9660968,35.35317901591218,-80.6849679193878,0,0.25974905,5121.481,-1.0187854,2,1,false,false,-7.838615,-0.6676682,1.5721523,-0.7924775,-0.2650025,3
28.401106,0.96622664,35.353176942835624,-80.68497243006671,0,0.31825894,5278.6313,-1.0549338,2,1,false,false,-16.599243,-1.1319886,10.962059,-0.7977868,-0.38434368,3
28.402414,0.9663564,35.35317495984499,-80.68497705087069,0,0.3829341,5190.961,-1.0973815,2,1,false,false,-18.224146,1.6993175,16.298855,-0.80541676,-0.5358393,3
28.456814,0.9664863,35.35317297685436,-80.68498167159072,0,0.43011492,5011.6367,-1.1167042,2,1,false,false,-21.01024,3.6447408,18.237612,-0.81597465,-0.7308794,3
28.498611,0.96661645,35.35317099386373,-80.68498629231075,0,0.4743364,4998.6543,-1.1175827,2,1,false,false,-21.933863,1.7084398,17.15145,-0.8291701,-0.8379953,3
28.519047,0.96674657,35.353169101096555,-80.68499102307192,0,0.5015414,5098.616,-1.0888917,2,1,false,false,-21.87523,1.9233658,14.920246,-0.8430784,-0.824456,3
28.547558,0.96687675,35.35316720819185,-80.68499575383308,0,0.51155996,5122.3613,-1.0452747,2,1,false,false,-19.269005,2.2391794,12.078606,-0.8561319,-0.73988295,3
28.600227,0.9670072,35.3531654055106,-80.68500048459424,0,0.5104504,5035.427,-0.96947265,2,1,false,false,-15.819659,4.111546,9.179013,-0.86753494,-0.6333555,3
28.66027,0.96713793,35.35316360282935,-80.6850052153554,0,0.5084158,4955.638,-0.885353,2,1,false,false,-13.124459,3.2376053,7.70845,-0.8773943,-0.5548906,3
28.690811,0.9672689,35.35316189023403,-80.68501005607376,0,0.5035142,4982.555,-0.7588529,2,1,false,false,-11.09335,1.3190693,6.2777057,-0.8861861,-0.4958796,3
28.698666,0.96739984,35.353160177638706,-80.68501478683493,0,0.49540687,5137.895,-0.6357703,2,1,false,false,-9.313381,0.36158147,4.742844,-0.8939518,-0.43009898,3
28.70081,0.96753097,35.353158465043386,-80.6850196276372,0,0.48361543,5295.1265,-0.47841236,2,1,false,false,-6.7150397,0.5719943,3.3284917,-0.90073997,-0.38580304,3
28.715553,0.9676621,35.35315675244806,-80.6850244684395,0,0.4749683,5373.0283,-0.3434768,2,1,false,false,-7.385919,1.3376354,3.669929,-0.907247,-0.40524423,3
28.748201,0.9677934,35.35315503985274,-80.68502930915784,0,0.46457967,5405.1494,-0.18248492,2,1,false,false,-7.3350124,2.9902143,8.022606,-0.91473305,-0.48619032,3
28.820875,0.96792495,35.35315332739495,-80.68503426000126,0,0.44932023,5359.8164,-0.05104284,2,1,false,false,-7.1385355,5.4738145,8.39473,-0.9230013,-0.49360642,3
28.914804,0.96805686,35.353151704885555,-80.68503910080355,0,0.42539853,5159.802,0.107744135,2,1,false,false,-8.426439,5.8854976,13.920881,-0.93072826,-0.41737044,3
28.999147,0.9681892,35.35315008251369,-80.68504405156303,0,0.4010758,4918.8354,0.26804644,2,1,false,false,-7.4565873,4.91826,19.34371,-0.93645006,-0.2571501,3
29.055746,0.968322,35.35314846000429,-80.6850490023225,0,0.3841209,4837.7,0.39607793,2,1,false,false,-6.339919,2.5360878,19.596714,-0.9389422,-0.03990966,3
29.067516,0.9684552,35.35314683763243,-80.68505395316592,0,0.3626499,4900.673,0.5330765,2,1,false,false,-6.6872253,-0.09276813,14.759799,-0.9376752,0.18702585,3
29.058748,0.96858835,35.353145215123035,-80.6850589039254,0,0.34498596,4995.989,0.6260705,2,1,false,false,-3.507569,0.051296808,7.959409,-0.9329394,0.36763018,3
29.06123,0.9687215,35.353143592751174,-80.68506385476881,0,0.3298036,5046.237,0.7028874,2,1,false,false,0.14398557,0.13065948,5.063872,-0.9256836,0.4936352,3
29.077658,0.9688546,35.35314197024177,-80.68506880552829,0,0.3178274,5061.422,0.751324,2,1,false,false,8.925664,1.7947991,8.153781,-0.916983,0.5382205,3
29.097746,0.9689879,35.35314043795584,-80.68507375628776,0,0.31115326,5047.256,0.77139413,2,1,false,false,12.095069,1.0680757,11.236532,-0.9079091,0.5441961,3
29.118847,0.9691214,35.353138725360516,-80.68507870713117,0,0.30668324,5012.2114,0.7754662,2,1,false,false,15.100934,1.3748899,12.37391,-0.8989263,0.5382977,3
29.12707,0.96925557,35.353137102988654,-80.68508365789066,0,0.30657548,5000.1772,0.77153957,2,1,false,false,13.4431925,0.04134441,10.630245,-0.8896546,0.5834714,3
29.127998,0.9693898,35.353135390393334,-80.68508849869293,0,0.30884117,5071.889,0.7664496,2,1,false,false,13.247643,-0.095523514,9.000706,-0.879378,0.6472439,3
29.1188,0.96952397,35.35313358771209,-80.68509344945242,0,0.31377363,5163.3228,0.76586777,2,1,false,false,13.292409,-0.597754,8.086823,-0.8683625,0.67191887,3
29.112917,0.96965814,35.35313187511676,-80.6850982902547,0,0.33339497,5208.5054,0.76761293,2,1,false,false,13.26981,0.26984343,7.784941,-0.85729647,0.6517229,3
29.117765,0.9697922,35.35313007243551,-80.68510313105699,0,0.36778253,5227.109,0.76935834,2,1,false,false,16.922733,1.1197169,8.802987,-0.8467817,0.61887753,3
29.151514,0.9699264,35.353128179530806,-80.68510797177534,0,0.41183448,5239.587,0.77153975,2,1,false,false,16.640762,3.2952507,12.346298,-0.8367151,0.5890821,3
29.19263,0.97006214,35.35312628676363,-80.68511281257763,0,0.47498375,5189.5747,0.7783747,2,1,false,false,21.346378,2.8004391,19.50841,-0.8266938,0.6315437,3
29.229836,0.97019804,35.35312439385893,-80.68511765337992,0,0.5294398,5141.212,0.78957254,2,1,false,false,17.798468,2.0994875,13.959293,-0.8161296,0.6358968,3
29.236986,0.97033393,35.353122410868295,-80.68512249409827,0,0.5881037,5238.0967,0.80426025,2,1,false,false,30.586218,0.1894308,20.564594,-0.80539703,0.6836722,3
29.237423,0.97046983,35.35312042787766,-80.68512722485943,0,0.6233545,5449.6167,0.8110945,2,1,false,false,19.524746,0.23391107,13.69745,-0.79448664,0.62471724,3
29.246433,0.9706058,35.353118354801104,-80.68513195562059,0,0.65333384,5617.133,0.80629593,2,1,false,false,16.553268,1.4059473,8.012125,-0.78496855,0.5261448,3
29.279772,0.9707418,35.35311619150109,-80.68513657634064,0,0.67179936,5670.5107,0.7895726,2,1,false,false,11.942702,2.8495579,4.742669,-0.77724135,0.40811878,3
29.317287,0.97087836,35.35311411842453,-80.6851413071018,0,0.6834827,5698.3994,0.77052164,2,1,false,false,8.544129,2.9513776,5.8802037,-0.7708432,0.3455247,3
29.350882,0.9710151,35.35311195512451,-80.68514603786296,0,0.6945499,5808.483,0.74885124,2,1,false,false,8.673868,1.9020727,4.13917,-0.76563084,0.26622388,3
29.369307,0.9711519,35.35310970173857,-80.68515065866693,0,0.70304275,5983.7593,0.74187005,2,1,false,false,7.6641326,1.3310611,3.730698,-0.76158047,0.19517976,3
29.391857,0.9712888,35.35310753857608,-80.68515538942809,0,0.71067226,6146.0967,0.7478332,2,1,false,false,4.1834216,1.7445997,1.0764151,-0.7584556,0.14914066,3
29.415878,0.97142583,35.353105375276066,-80.68516001014812,0,0.716144,6258.241,0.76092315,2,1,false,false,3.1005177,1.4369494,0.4094851,-0.75568503,0.15632832,3
29.427168,0.971563,35.35310312189012,-80.68516474090929,0,0.721354,6403.809,0.7786658,2,1,false,false,6.949395,1.2561485,8.411048,-0.75210845,0.24875678,3
29.48748,0.9716998,35.35310086850418,-80.68516936162933,0,0.722479,6550.82,0.7907361,2,1,false,false,15.651043,2.7241254,11.73023,-0.74705184,0.38143343,3
29.540422,0.9718366,35.353098615118235,-80.68517398234937,0,0.7219398,6454.336,0.78840923,2,1,false,false,17.027973,3.5050797,12.863031,-0.73920566,0.5638431,3
29.580147,0.9719736,35.353096271646365,-80.6851786030694,0,0.72240204,6428.816,0.77168477,2,1,false,false,18.508137,2.1587615,10.1554785,-0.72885656,0.70520663,3
29.612051,0.97211075,35.35309392803696,-80.68518322387338,0,0.72232485,6560.61,0.7292155,2,1,false,false,16.520805,1.4996117,8.761512,-0.7166658,0.78258276,3
29.613913,0.97224796,35.3530915845651,-80.68518784459341,0,0.7220167,6759.936,0.6864493,2,1,false,false,12.25422,0.8899838,5.211624,-0.70384926,0.7795417,3
29.699041,0.97238535,35.35308915086977,-80.68519235527232,0,0.7225406,6783.0796,0.6326184,2,1,false,false,14.115558,2.9959285,9.051308,-0.69208795,0.6704495,3
29.77693,0.97252274,35.353086717311974,-80.6851969760763,0,0.72489893,6531.268,0.58008665,2,1,false,false,13.347942,7.309959,8.285818,-0.68170065,0.57247126,3
29.847755,0.97266024,35.353084283616646,-80.6852014867552,0,0.7251612,6382.4814,0.5409367,2,1,false,false,15.259123,3.0586047,7.357039,-0.67317706,0.44452816,3
29.872066,0.97279793,35.35308175983539,-80.68520610747525,0,0.72603977,6586.3477,0.5240525,2,1,false,false,13.637981,-0.8088323,5.7863345,-0.6669098,0.27946243,3
29.865582,0.9729356,35.35307923605414,-80.68521061823809,0,0.7246678,6893.4204,0.5265271,2,1,false,false,10.920475,3.4556146,4.3759646,-0.66312057,0.15732673,3
29.918211,0.97307336,35.35307662204943,-80.68521512900094,0,0.7242208,6902.7466,0.54748654,2,1,false,false,10.877796,2.4592328,5.907837,-0.6606593,0.15303725,3
29.960155,0.97321135,35.35307409826817,-80.68521952963873,0,0.72348094,6733.5664,0.5811056,2,1,false,false,10.658333,2.807351,8.353137,-0.6568143,0.29821995,3
29.99182,0.97334915,35.35307148440099,-80.68522404040158,0,0.7231266,6868.7407,0.61282915,2,1,false,false,15.632706,1.7460213,12.46014,-0.65013295,0.50502753,3
30.009363,0.9734869,35.35306878031035,-80.68522855108048,0,0.7225099,6950.7793,0.64775,2,1,false,false,17.982029,-0.47632524,10.762491,-0.6401726,0.68964547,3
30.05865,0.97362465,35.35306616630564,-80.6852329518022,0,0.7202286,6967.646,0.6660817,2,1,false,false,17.088484,10.142103,14.524573,-0.62744844,0.8170258,3
30.148142,0.97376287,35.35306337212908,-80.68523735252393,0,0.7183483,6711.1113,0.6662272,2,1,false,false,19.239105,3.1892433,14.403529,-0.6130458,0.93940544,3
30.295156,0.97390145,35.35306066803844,-80.68524175324565,0,0.71588206,6255.2954,0.6553159,2,1,false,false,19.910158,9.676487,15.981945,-0.5963904,1.0444409,3
30.421824,0.97404075,35.35305778377595,-80.68524604392626,0,0.71614426,6030.1587,0.63174516,2,1,false,false,23.71761,8.5479355,18.476055,-0.57839847,1.079289,3
30.525475,0.97418034,35.35305489937593,-80.68525044464798,0,0.71643704,5912.019,0.599878,2,1,false,false,27.048733,7.9887395,19.732164,-0.5610949,0.9676175,3
30.642979,0.9743204,35.353052015113434,-80.68525473532857,0,0.7164216,5643.476,0.5677165,2,1,false,false,27.709593,8.849306,18.830908,-0.5462037,0.8095582,3
30.76515,0.9744609,35.35304895054156,-80.68525891596803,0,0.7175621,5315.62,0.5257989,2,1,false,false,30.241371,7.937269,19.319668,-0.5341037,0.6342002,3
30.846664,0.97460186,35.35304588583215,-80.68526320673257,0,0.71763945,5147.2866,0.49202788,2,1,false,false,32.376896,5.1658044,20.266201,-0.524985,0.4710222,3
30.885553,0.97474307,35.353042731174355,-80.68526727733092,0,0.7181478,5234.061,0.4578159,2,1,false,false,26.182428,2.1175036,17.203743,-0.5181758,0.36744392,3
30.899998,0.9748845,35.35303948629309,-80.68527134792926,0,0.7179011,5429.084,0.43612185,2,1,false,false,20.793966,1.3882644,12.773666,-0.5123754,0.3427971,3
30.91653,0.9750259,35.353036241411836,-80.68527541869548,0,0.7171924,5609.582,0.417775,2,1,false,false,14.919441,1.7305555,8.204494,-0.5066936,0.3458139,3
30.943874,0.9751674,35.35303299653057,-80.68527948929382,0,0.71787035,5719.793,0.4055431,2,1,false,false,8.010062,2.1901822,3.7518895,-0.5007885,0.36643147,3
30.975279,0.9753091,35.353029751649316,-80.68528344993499,0,0.71682227,5821.806,0.38734034,2,1,false,false,4.0576515,2.8374426,1.0130687,-0.49447247,0.3864002,3
31.032724,0.975451,35.353026416682134,-80.68528752053332,0,0.71728474,5939.0083,0.3669521,2,1,false,false,7.262512,4.394488,4.957064,-0.48793954,0.39940393,3
31.11796,0.97559327,35.35302308157741,-80.68529148117449,0,0.7166067,5905.8237,0.3477267,2,1,false,false,6.2126727,6.559564,7.5524883,-0.48115167,0.4099294,3
31.230427,0.975736,35.35301974661023,-80.68529544181564,0,0.71679145,5675.802,0.3414642,2,1,false,false,6.8086824,7.5358033,7.906996,-0.4743672,0.40518728,3
31.344803,0.9758795,35.35301641164304,-80.68529951241399,0,0.7173773,5511.8604,0.34437725,2,1,false,false,10.756208,7.075278,10.586593,-0.4675501,0.41621262,3
31.434738,0.9760234,35.3530129864524,-80.68530347305514,0,0.71813256,5507.829,0.34991193,2,1,false,false,14.997446,5.2055964,14.006035,-0.46055168,0.42194307,3
31.5056,0.9761676,35.35300956126175,-80.6853074336963,0,0.71911883,5517.3145,0.35413536,2,1,false,false,17.313555,4.948265,16.405848,-0.45363662,0.40309843,3
31.580074,0.9763121,35.35300604598518,-80.68531128438026,0,0.7215079,5493.5146,0.35136807,2,1,false,false,16.973759,5.146815,16.375572,-0.4472003,0.36649668,3
31.651285,0.976457,35.353002530708615,-80.68531524502143,0,0.7271031,5475.8423,0.3440855,2,1,false,false,15.941484,4.349068,13.120828,-0.44121864,0.35983282,3
31.710093,0.9766023,35.35299901543204,-80.68531909553751,0,0.73729163,5534.4014,0.33432707,2,1,false,false,14.252936,3.8147926,10.405014,-0.43509474,0.36560956,3
31.769644,0.97674805,35.352995410069546,-80.68532294622148,0,0.74805033,5642.769,0.32864636,2,1,false,false,11.946621,4.2800913,8.556663,-0.429155,0.33581755,3
31.841633,0.9768942,35.35299180456952,-80.68532668678039,0,0.7616451,5671.1885,0.33083132,2,1,false,false,9.133065,5.1431823,6.7221828,-0.42394733,0.28857648,3
31.928549,0.97704065,35.352988199207026,-80.68533053746435,0,0.7703843,5607.809,0.34466845,2,1,false,false,7.494472,5.787678,5.827067,-0.41946784,0.2582994,3
32.016785,0.97718745,35.352984503621066,-80.68533427802326,0,0.78290033,5569.127,0.3832628,2,1,false,false,6.978206,5.573111,6.364861,-0.41530448,0.25167733,3
32.097233,0.9773347,35.352980808172646,-80.68533812870723,0,0.7913778,5601.9404,0.4339373,2,1,false,false,8.934541,4.929933,8.064693,-0.4111701,0.26059806,3
32.168255,0.9774826,35.35297711258669,-80.68534186926614,0,0.79812896,5657.54,0.50600266,2,1,false,false,9.587131,4.5658402,9.421115,-0.406602,0.2981468,3
32.241352,0.97763115,35.35297341700074,-80.68534560982503,0,0.8014118,5699.3936,0.5632045,2,1,false,false,9.572009,4.937585,9.161601,-0.40133438,0.33804208,3
32.32036,0.97777987,35.352969631328854,-80.68534935038394,0,0.8020592,5715.3135,0.61370236,2,1,false,false,11.015659,5.250012,9.803145,-0.39536247,0.38243243,3
32.402523,0.97792894,35.352965845656975,-80.68535309111073,0,0.8025678,5713.0747,0.6359646,2,1,false,false,12.025994,5.3465466,10.11011,-0.38860434,0.42900765,3
32.486027,0.9780783,35.352962059985096,-80.68535683166962,0,0.8015659,5711.5815,0.63989353,2,1,false,false,12.86165,5.490676,10.651683,-0.38114232,0.46272022,3
32.568653,0.97822815,35.35295827431322,-80.68536046227135,0,0.8019823,5708.657,0.6272345,2,1,false,false,13.62228,5.184514,10.70557,-0.37335947,0.46833637,3
32.64791,0.97837895,35.35295439841788,-80.68536420283024,0,0.8036008,5705.702,0.6068632,2,1,false,false,12.613199,5.032369,9.398316,-0.3656532,0.46156618,3
32.722397,0.97853,35.35295043243661,-80.68536783343197,0,0.8055426,5736.195,0.5901283,2,1,false,false,13.273276,4.7048573,9.2072315,-0.35795894,0.46643546,3
32.789894,0.97868127,35.35294655667881,-80.68537135390862,0,0.8097044,5791.3154,0.57426536,2,1,false,false,14.446057,4.4878335,10.21305,-0.35009488,0.48374075,3
32.861736,0.9788329,35.35294259069754,-80.68537498451033,0,0.8121398,5828.4014,0.56800735,2,1,false,false,12.642174,4.870432,9.063552,-0.34195635,0.49263823,3
32.937943,0.9789847,35.35293862471627,-80.68537850515486,0,0.81246334,5835.99,0.5688804,2,1,false,false,13.499538,5.128205,9.638548,-0.33363903,0.50941825,3
33.008007,0.9791367,35.35293456864908,-80.68538202563151,0,0.81318796,5844.139,0.5773216,2,1,false,false,11.811856,4.013667,8.238996,-0.32499468,0.5305538,3
33.077858,0.9792887,35.35293051258189,-80.68538554627604,0,0.8132186,5909.6934,0.5883818,2,1,false,false,13.69847,5.107725,9.238645,-0.31609413,0.52879244,3
33.153046,0.97944105,35.35292645637717,-80.68538906675269,0,0.8138352,5961.2617,0.605117,2,1,false,false,14.719242,5.3033013,9.861227,-0.30745286,0.5097209,3
33.23187,0.97959363,35.35292231022405,-80.68539247744003,0,0.8113075,5918.016,0.6183588,2,1,false,false,13.758072,5.3650575,9.287431,-0.2990219,0.51010007,3
33.318245,0.9797467,35.35291825415686,-80.6853958879595,0,0.80913407,5878.184,0.6305814,2,1,false,false,14.691109,5.742152,10.133919,-0.29047757,0.5163082,3
33.39604,0.97990006,35.352914017780286,-80.68539929847896,0,0.8087024,5892.166,0.63596475,2,1,false,false,14.903351,4.8428297,9.8437805,-0.28191102,0.51464796,3
33.46106,0.98005366,35.352909871489636,-80.68540270899842,0,0.8055117,5885.681,0.634655,2,1,false,false,14.781472,4.2102056,9.750058,-0.2734023,0.51121086,3
33.51575,0.9802075,35.35290563511306,-80.68540600956071,0,0.8051728,5925.9375,0.6262158,2,1,false,false,15.404241,3.5834157,9.677496,-0.26494917,0.5082087,3
33.563503,0.9803615,35.352901398736485,-80.68540931012298,0,0.8068683,6031.4976,0.60686314,2,1,false,false,16.025656,3.5246513,9.565795,-0.25650242,0.5102634,3
33.61856,0.9805158,35.35289707227398,-80.68541250056019,0,0.8061745,6093.0815,0.5818331,2,1,false,false,15.754282,4.184213,9.678289,-0.2479271,0.5239642,3
33.686207,0.98067033,35.35289274581148,-80.68541569116528,0,0.8077775,6093.6685,0.54224646,2,1,false,false,14.820701,4.8535776,9.244918,-0.23902817,0.54292786,3
33.759304,0.98082507,35.35288841934898,-80.68541888160249,0,0.8084868,6031.5225,0.50105333,2,1,false,false,13.91015,4.8987813,9.106656,-0.22989112,0.5489926,3
33.824722,0.9809801,35.35288400266302,-80.6854220720397,0,0.81010497,6035.8364,0.44281954,2,1,false,false,14.510281,4.094347,9.764466,-0.22087868,0.5301372,3
33.878582,0.9811354,35.352879676200516,-80.68542515251973,0,0.81081426,6121.612,0.38908798,2,1,false,false,14.934519,3.9073994,9.830759,-0.21229456,0.5011317,3
33.939987,0.98129094,35.352875259514555,-80.68542823316763,0,0.8124324,6173.387,0.32267445,2,1,false,false,14.911746,4.6448264,10.265091,-0.20422554,0.4720961,3
34.01645,0.98144686,35.35287075274267,-80.68543131364765,0,0.8157002,6154.19,0.26746336,2,1,false,false,14.505398,5.556564,10.226882,-0.19652966,0.45581245,3
34.10146,0.981603,35.35286624597079,-80.68543428400261,0,0.8187214,6068.3496,0.20626803,2,1,false,false,13.416137,5.645224,9.161292,-0.18905075,0.44085598,3
34.178814,0.98175955,35.3528617391989,-80.68543725452545,0,0.8229753,6059.3193,0.15526155,2,1,false,false,12.826135,4.8379655,9.416981,-0.18196586,0.40782893,3
34.2464,0.9819163,35.35285723242701,-80.68544022504828,0,0.8291409,6133.168,0.123195656,2,1,false,false,12.987028,4.601163,9.647004,-0.17555468,0.36581644,3
34.319393,0.9820734,35.352852725655126,-80.68544319557112,0,0.83694,6160.1924,0.101330444,2,1,false,false,13.01655,5.26607,10.665657,-0.16972142,0.33954725,3
34.40676,0.9822309,35.35284812879731,-80.6854460559689,0,0.8456025,6126.599,0.09783181,2,1,false,false,12.710564,5.997413,10.657642,-0.1642401,0.31957066,3
34.498493,0.98238885,35.35284344171604,-80.68544891636667,0,0.85387945,6051.707,0.10657781,2,1,false,false,12.272666,5.8639755,9.667578,-0.15907396,0.29895523,3
34.579998,0.98254704,35.35283884485823,-80.68545166680725,0,0.8651624,6103.1157,0.12756795,2,1,false,false,12.442549,5.046659,9.289274,-0.1543008,0.2718045,3
34.657063,0.9827056,35.35283415777696,-80.6854545273729,0,0.8764143,6161.4253,0.15176353,2,1,false,false,12.295361,5.2476726,9.605696,-0.14999291,0.24604863,3
34.745422,0.98286444,35.35282947069569,-80.68545727781348,0,0.8898084,6161.444,0.17537346,2,1,false,false,12.002734,6.022683,10.254092,-0.14603935,0.22994511,3
34.843166,0.9830238,35.352824783614416,-80.68546002825407,0,0.9063935,6122.3193,0.20247936,2,1,false,false,11.556751,6.315442,10.398333,-0.1422429,0.22723976,3
34.941574,0.9831836,35.35282000644722,-80.68546277869466,0,0.92202294,6103.7725,0.2265221,2,1,false,false,11.356431,6.1179338,9.756745,-0.1384886,0.22293864,3
35.03358,0.98334384,35.352815229280026,-80.68546541901017,0,0.9366348,6125.582,0.24458952,2,1,false,false,11.360984,5.7042,9.563619,-0.13482563,0.2185147,3
35.123272,0.9835045,35.35281045211283,-80.68546805949357,0,0.9536977,6160.8286,0.26323888,2,1,false,false,10.517633,5.6867223,8.747476,-0.13123268,0.21461202,3
35.215057,0.98366547,35.3528055848597,-80.68547069997696,0,0.9696046,6177.124,0.27780735,2,1,false,false,10.656441,5.859289,9.918609,-0.12769026,0.21844557,3
35.31165,0.9838269,35.35280080769251,-80.68547334029249,0,0.98674417,6179.435,0.29645446,2,1,false,false,10.323793,6.04074,10.135568,-0.12395403,0.23535645,3
35.40824,0.9839888,35.35279594030185,-80.68547598077588,0,1.0000001,6189.892,0.31335217,2,1,false,false,10.241169,5.996503,10.105663,-0.11982993,0.26195404,3
35.50339,0.9841512,35.35279098282527,-80.6854785111342,0,1,6216.237,0.33447263,2,1,false,false,10.396628,5.8090844,9.937135,-0.11526159,0.2861733,3
35.595375,0.9843139,35.35278611557215,-80.68548104149255,0,1,6242.826,0.35063985,2,1,false,false,9.958082,5.6923966,8.864678,-0.11030347,0.30861512,3
35.69185,0.98447716,35.35278115809557,-80.68548357201875,0,1,6270.468,0.36578664,2,1,false,false,10.449462,6.034717,9.625381,-0.10501425,0.3215293,3
35.78861,0.9846408,35.35277620061898,-80.68548610237708,0,1,6277.646,0.37379676,2,1,false,false,10.688869,6.0761833,10.213888,-0.09962751,0.32483292,3
35.888004,0.9848049,35.35277124327994,-80.68548852277823,0,1,6274.27,0.3778745,2,1,false,false,11.066228,6.1571994,10.337933,-0.09417899,0.33014992,3
35.986046,0.9849695,35.352766195579896,-80.68549094317937,0,1,6279.133,0.37569013,2,1,false,false,11.237659,5.9807506,10.443452,-0.0886592,0.33423597,3
36.080505,0.9851346,35.352761148017386,-80.68549336358052,0,1,6298.776,0.3694276,2,1,false,false,11.451918,5.772194,10.336022,-0.08306525,0.34009337,3
36.172062,0.98530006,35.35275610045488,-80.68549578398166,0,1,6329.333,0.35806757,2,1,false,false,11.503629,5.6484656,10.109408,-0.077330545,0.3501654,3
36.26365,0.98546606,35.35275105289237,-80.68549809425774,0,1,6360.0117,0.3471446,2,1,false,false,11.495449,5.7069225,10.119134,-0.071423374,0.35844105,3
36.357334,0.98563236,35.35274591510641,-80.6855004047017,0,1,6378.205,0.33214247,2,1,false,false,11.385048,5.8454504,10.049806,-0.06541603,0.3621875,3
36.452343,0.98579925,35.352740777457974,-80.68550271497779,0,1,6388.7188,0.3174304,2,1,false,false,11.09073,5.8911014,9.758342,-0.059370644,0.36231938,3
36.547295,0.9859667,35.352735639672005,-80.68550502542173,0,1,6404.2837,0.3044661,2,1,false,false,11.024114,5.858575,9.588057,-0.053353027,0.35866272,3
36.64131,0.9861345,35.35273041193765,-80.68550722574062,0,1,6422.1665,0.28931588,2,1,false,false,10.830443,5.839433,9.4112835,-0.047474835,0.3476479,3
36.735752,0.9863028,35.35272518406576,-80.68550942605953,0,1,6436.716,0.27882707,2,1,false,false,10.808514,5.878377,9.614002,-0.041822065,0.33438525,3
36.83057,0.98647153,35.352719956193866,-80.68551162637841,0,1,6448.8145,0.2684834,2,1,false,false,10.641748,5.8850636,9.417669,-0.036393557,0.32171583,3
36.924892,0.9866409,35.35271472832198,-80.68551382686518,0,1,6462.6357,0.26338434,2,1,false,false,10.477088,5.8404684,9.162805,-0.031169128,0.3112413,3
37.018158,0.9868107,35.35270950045008,-80.685515917059,0,1,6481.5557,0.26017943,2,1,false,false,10.174464,5.7230124,8.659132,-0.026101284,0.30325618,3
37.11015,0.986981,35.35270418249227,-80.68551800742071,0,1,6504.236,0.25813916,2,1,false,false,9.604886,5.669315,8.446067,-0.021165883,0.2955266,3
37.20214,0.98715174,35.352698864534446,-80.68552009778242,0,1,6526.7314,0.25551707,2,1,false,false,9.571614,5.693254,8.856429,-0.0163553,0.29011723,3
37.294918,0.98732287,35.35269354643909,-80.68552218814412,0,1,6545.6167,0.25100037,2,1,false,false,9.931981,5.717441,9.174027,-0.011566971,0.29290822,3
37.387585,0.9874948,35.35268813839535,-80.68552427850582,0,1,6563.12,0.24400705,2,1,false,false,9.922438,5.6985817,9.022542,-0.006702171,0.2970906,3
37.48082,0.9876672,35.3526828203,-80.68552625874247,0,1,6582.4062,0.23016508,2,1,false,false,9.923104,5.733665,9.257034,-0.0017496783,0.30234393,3
37.574047,0.98784006,35.352677412256256,-80.68552823914698,0,1,6601.784,0.21253373,2,1,false,false,9.770743,5.7221417,9.560981,0.0033145372,0.3074933,3
37.66816,0.9880133,35.35267200407498,-80.68553021938362,0,1,6619.0923,0.19446431,2,1,false,false,9.896847,5.8188806,9.752431,0.008445848,0.30666235,3
37.76342,0.9881871,35.352666505807775,-80.68553208966307,0,1,6627.4326,0.17056422,2,1,false,false,9.988498,5.886838,9.615816,0.013466205,0.29481098,3
37.86016,0.9883612,35.352661097764035,-80.68553395994253,0,1,6628.3784,0.14797394,2,1,false,false,10.0385685,5.968434,10.219561,0.018239096,0.27794868,3
37.958035,0.9885357,35.352655599496835,-80.68553583038985,0,1,6630.783,0.11984274,2,1,false,false,9.876771,5.9760766,10.856709,0.02270307,0.2564416,3
38.054886,0.98871076,35.35265010122963,-80.6855377006693,0,1,6634.727,0.091708794,2,1,false,false,9.358434,5.881604,10.579816,0.026755074,0.22786024,3
38.150616,0.9888862,35.35264451273897,-80.68553957094876,0,1,6641.208,0.068091735,2,1,false,false,8.69539,5.8145423,9.732737,0.030278003,0.1948308,3
38.245804,0.9890621,35.35263901447176,-80.68554133127103,0,1,6653.682,0.040390205,2,1,false,false,7.858282,5.774317,9.62483,0.033250216,0.16160119,3
38.340733,0.9892383,35.352633426118636,-80.68554309142542,0,1,6666.7627,0.017789751,2,1,false,false,6.830644,5.7353644,10.303238,0.035639774,0.12572315,3
38.436382,0.98941505,35.35262783776551,-80.68554485174768,0,1,6674.5166,-0.0033542905,2,1,false,false,5.7845507,5.77976,9.936002,0.037423234,0.08974022,3
38.53238,0.9895923,35.352622249412384,-80.68554661206994,0,1,6679.345,-0.02610416,2,1,false,false,4.5003157,5.7729483,9.818635,0.038612287,0.05589031,3
38.62767,0.98976994,35.35261666092172,-80.6855483723922,0,1,6689.966,-0.044771813,2,1,false,false,3.468128,5.661888,9.552378,0.039287463,0.02785662,3
38.7209,0.989948,35.352610982482666,-80.68555002258941,0,1,6708.9688,-0.056439932,2,1,false,false,2.3692577,5.533761,9.466261,0.039537154,0.0036720708,3
38.813267,0.99012655,35.352605393992,-80.68555178291167,0,1,6728.877,-0.06606639,2,1,false,false,1.180594,5.520115,9.867464,0.039411023,-0.017341953,3
38.905766,0.99030554,35.35259971555295,-80.68555354323394,0,1,6744.0474,-0.069858775,2,1,false,false,0.30887568,5.5430746,9.968116,0.038975116,-0.033983704,3
38.99903,0.99048495,35.35259403697636,-80.68555519343113,0,1,6757.9536,-0.07087933,2,1,false,false,-0.54924613,5.542291,10.170968,0.03829955,-0.047276404,3
39.091232,0.9906648,35.35258826831385,-80.68555695375339,0,1,6770.2314,-0.06854618,2,1,false,false,-0.9419702,5.4676805,9.511537,0.037447743,-0.055533823,3
39.18238,0.99084514,35.35258258973726,-80.6855586039506,0,1,6784.5703,-0.06562887,2,1,false,false,-1.1977663,5.403875,9.097544,0.036498886,-0.059200972,3
39.272507,0.99102587,35.352576911160675,-80.68556036427286,0,1,6800.464,-0.06256609,2,1,false,false,-1.6759021,5.3556247,9.170685,0.035495564,-0.059986774,3
39.36247,0.991207,35.352571142635696,-80.68556212459512,0,1,6814.1235,-0.06110742,2,1,false,false,-2.1347044,5.3947043,9.90021,0.034475606,-0.059586618,3
39.45244,0.9913886,35.352565373835645,-80.68556388474951,0,1,6826.45,-0.060815904,2,1,false,false,-2.673804,5.344448,9.706355,0.033447493,-0.060480706,3
39.541447,0.99157065,35.352559605310674,-80.68556564507178,0,1,6842.163,-0.062127963,2,1,false,false,-2.5245306,5.286907,9.361809,0.032398228,-0.061819013,3
39.6292,0.9917531,35.35255383651062,-80.68556740539404,0,1,6864.7183,-0.06519074,2,1,false,false,-2.6928682,5.1994925,9.248038,0.03134268,-0.062874824,3
39.715946,0.99193597,35.352548067985644,-80.6855691657163,0,1,6890.1104,-0.06927522,2,1,false,false,-2.9396436,5.173097,9.289356,0.030269725,-0.06532685,3
39.802937,0.9921192,35.35254229918559,-80.68557092587069,0,1,6909.5303,-0.07379667,2,1,false,false,-3.3059974,5.244012,9.5784645,0.029155273,-0.06812265,3
39.891823,0.9923029,35.35253653066062,-80.68557268619296,0,1,6919.35,-0.07788113,2,1,false,false,-3.3984694,5.3381677,9.790176,0.027989348,-0.07187858,3
39.903214,0.9924869,35.35253067163711,-80.68557455647242,0,1,6824.698,-0.081965595,0,1,false,false,-3.28197,-4.440266,8.735292,0.02678172,-0.07070298,3
39.862556,0.99267066,35.35252490311213,-80.68557631679468,0,1,6417.2437,-0.084736854,3,1,false,false,-3.9729097,1.6512296,9.963068,0.025611673,-0.06579668,3
39.993107,0.99285465,35.352519044363696,-80.68557818707413,0,1,5758.421,-0.08619554,3,1,false,false,-3.002025,9.7338295,11.131393,0.024331965,-0.09154919,3
40.157448,0.9930395,35.352513275563645,-80.68557994739639,0,1,5425.723,-0.08648762,3,1,false,false,-3.7396967,9.228447,10.352132,0.02264276,-0.11689247,3
40.25871,0.9932248,35.35250741681521,-80.68558181767584,0,1,5644.3574,-0.08488292,3,1,false,false,-5.0221834,3.4196572,9.790481,0.020761758,-0.110423245,3
40.28613,0.9934104,35.35250155806677,-80.6855836879553,0,1,5723.999,-0.080944486,3,1,false,false,-5.0537415,3.3949697,10.192778,0.019120226,-0.09137013,3
40.37571,0.9935964,35.35249569931833,-80.68558555823475,0,1,5715.9487,-0.076714545,3,1,false,false,-4.6599526,5.5434732,10.511607,0.017655205,-0.08887046,3
40.465767,0.9937827,35.35248984029482,-80.6855874285142,0,1,5663.811,-0.07160895,3,1,false,false,-4.776028,5.3863273,10.493442,0.016231237,-0.08523154,3
40.551857,0.99396944,35.352483891322926,-80.68558940891872,0,1,5650.9785,-0.06664996,3,1,false,false,-4.444355,4.8878927,9.963166,0.014885083,-0.07912995,3
40.62638,0.99415654,35.35247803257449,-80.68559127919816,0,1,5692.582,-0.062273994,3,1,false,false,-4.2946754,4.2780633,10.032647,0.013655536,-0.06946396,3
40.698875,0.99434394,35.35247217382605,-80.68559325960268,0,1,5728.2964,-0.05702351,3,1,false,false,-4.248291,4.4921575,10.096381,0.012563731,-0.061591454,3
40.778255,0.9945317,35.35246622485415,-80.68559523983933,0,1,5730.448,-0.05279358,3,1,false,false,-4.0550747,4.930163,11.008658,0.011550121,-0.06036597,3
40.860985,0.99471986,35.35246027588225,-80.68559711011878,0,1,5724.0063,-0.04812611,3,1,false,false,-3.3325994,4.9474945,10.720915,0.010558853,-0.06012527,3
40.94119,0.9949084,35.35245441713381,-80.6855990905233,0,1,5737.1465,-0.04404275,3,1,false,false,-3.2658248,4.6932454,10.257915,0.009608406,-0.05844253,3
41.017887,0.9950973,35.35244846816192,-80.68560107075993,0,1,5761.635,-0.038063224,3,1,false,false,-3.14503,4.5812535,9.607645,0.008715437,-0.054355778,3
41.095226,0.99528646,35.35244251919002,-80.68560316112163,0,1,5774.402,-0.032521226,3,1,false,false,-2.8521929,4.7096834,9.666881,0.007906035,-0.04706709,3
41.174862,0.99547607,35.35243657021812,-80.68560514135828,0,1,5770.2573,-0.025958123,3,1,false,false,-2.597402,4.828376,10.405074,0.0072011035,-0.03882935,3
41.25451,0.99566597,35.35243062152129,-80.6856071217628,0,1,5771.694,-0.020854235,3,1,false,false,-2.4287107,4.728767,10.389817,0.0066275834,-0.030048499,3
41.33148,0.9958563,35.35242458232593,-80.68560910199943,0,1,5787.9077,-0.01647882,3,1,false,false,-2.2233567,4.576527,10.042876,0.0061686365,-0.023973383,3
41.40673,0.99604696,35.352418633354034,-80.68561119236114,0,1,5809.7944,-0.013708106,3,1,false,false,-1.9623384,4.517238,9.21984,0.0057985904,-0.01919032,3
41.48256,0.9962379,35.352412594433744,-80.68561317276566,0,1,5827.063,-0.011957943,3,1,false,false,-2.0313988,4.5863423,8.560512,0.0055011953,-0.014932896,3
41.5594,0.99642926,35.35240664546185,-80.68561526312736,0,1,5833.6245,-0.011957943,3,1,false,false,-1.574009,4.662146,8.656348,0.005241112,-0.011609666,3
41.637333,0.99662095,35.35240060626649,-80.68561735332119,0,1,5840.3086,-0.013270566,3,1,false,false,-1.3175545,4.691619,9.34067,0.0050109914,-0.0103187645,3
41.714813,0.99681306,35.3523945673462,-80.6856193337257,0,1,5855.0293,-0.015458271,3,1,false,false,-1.4976535,4.6174974,9.729359,0.004793161,-0.01104116,3
41.79098,0.9970054,35.35238852815084,-80.6856214240874,0,1,5872.216,-0.017062398,3,1,false,false,-1.4147338,4.5311985,8.716348,0.004563986,-0.01410043,3
41.867332,0.99719816,35.352382488955485,-80.6856235144491,0,1,5892.3423,-0.017936911,3,1,false,false,-1.6143631,4.6210756,9.201011,0.0042914627,-0.018365825,3
41.94558,0.99739134,35.352376450035194,-80.68562560464294,0,1,5905.4907,-0.018228985,3,1,false,false,-1.659318,4.7167983,9.969739,0.003997449,-0.0194102,3
42.025295,0.9975849,35.352370320891445,-80.68562769500464,0,1,5903.408,-0.019395567,3,1,false,false,-1.8100741,4.7807164,9.424079,0.0037124886,-0.018291268,3
42.10472,0.9977787,35.35236428169609,-80.68562978536634,0,1,5898.3877,-0.02012462,3,1,false,false,-1.2899443,4.742531,8.8795395,0.0034432772,-0.014538849,3
42.18194,0.99797297,35.35235815255234,-80.68563187572805,0,1,5906.5293,-0.020707631,3,1,false,false,-1.6666645,4.552369,9.570247,0.0032071415,-0.01183907,3
42.256878,0.9981675,35.35235202340859,-80.68563396608975,0,1,5922.359,-0.021291211,3,1,false,false,-1.9906404,4.4915266,10.638479,0.0029657779,-0.012623651,3
42.332764,0.9983625,35.35234589398977,-80.68563605645146,0,1,5934.6006,-0.021291208,3,1,false,false,-2.0025775,4.5710435,11.277718,0.002692557,-0.017051125,3
42.410034,0.9985578,35.35233976484603,-80.68563814664529,0,1,5951.462,-0.020854231,3,1,false,false,-1.7710037,4.5770326,11.238542,0.0023832289,-0.02298096,3
42.485836,0.9987535,35.35233363570228,-80.685640237007,0,1,5971.8784,-0.020124624,3,1,false,false,-1.6818871,4.530057,10.084021,0.0020660346,-0.023381013,3
42.561966,0.9989495,35.35232750655853,-80.68564243732588,0,1,5978.535,-0.018374456,3,1,false,false,-1.5900459,4.564153,9.028014,0.0017839303,-0.020261401,3
42.63837,0.99914587,35.35232137713971,-80.68564452768759,0,1,5973.0767,-0.016624853,3,1,false,false,-1.5027308,4.6032305,9.172946,0.0015323694,-0.014622802,3
42.714565,0.99934256,35.352315158047574,-80.68564661804929,0,1,5964.6846,-0.015312238,3,1,false,false,-1.2723799,4.487399,9.095509,0.001314387,-0.0070919734,3
42.78812,0.9995396,35.35230902862875,-80.6856488183682,0,1,5970.898,-0.013562071,3,1,false,false,-1.7005482,4.3907814,9.193716,0.0011192372,-0.006418171,3
42.858807,0.999737,35.352302809261545,-80.68565090872988,0,1,6000.034,-0.011228897,3,1,false,false,-1.3882294,4.1743846,9.695735,0.0008761302,-0.0096109435,3
42.929295,0.99993473,35.352296680117796,-80.68565310904879,0,1,6037.571,-0.008457617,3,1,false,false,-0.8117342,4.330497,10.686385,0.00063120015,-0.012933454,3
